0.00644861478490815 9.1636269311055 8.21236605215065 8.97996656896601 2.95324460255274 3.27429907379535 2.7058084516736 50954.3837897146
0.0100066593846929 9.76847535231311 9.18235034699191 4.53808023288293 2.13819712359443 0.48111648848694 5.61996922001914 87081.1690278897
0.0113369887705366 6.79736141149315 4.42819025559602 8.35146278988667 2.55629285870237 0.521230884637585 1.90343373691079 77646.7017990824
0.0166712865727105 13.7115564439795 9.80545184853354 7.51465156469703 0.0329874236053054 1.64454843167878 2.36874667563781 89265.8879878228
0.0115782418639792 9.91633824616881 5.39672762209515 5.8519255891006 1.47882900842236 5.15320906602429 0.226073286509677 87848.651966245
0.00787149962624496 8.49576266961459 7.54551976991268 8.35013684528001 5.38016857645144 5.4114129277171 2.11242397570625 93289.9071254615
0.0115798743690196 10.4085375547552 8.44870444241199 8.67195335418493 7.33771412951939 5.79748546342631 0.734525542999085 97207.4356427418
0.0100150623787881 9.68140736177073 8.64827238663754 10.4159426210725 1.52767746438751 4.64073127311682 0.532961324551514 74747.9717507571
0.0139195639579332 10.7076829293187 3.61195283341035 8.73225385735299 1.63479926686654 2.18686973955795 0.00200348679469187 71158.7461802887
0.0106192302079919 8.48267600158879 8.61712555212326 11.6759791753468 4.00839865228405 1.96415914510008 0.299295078858286 78432.141949031
0.00707300784697762 9.79581709678283 9.79888387660122 6.37575837295516 1.93192300203673 4.47803695507616 4.18866465296487 84164.1494593127
0.00707634219850261 9.78242051587242 9.5124702890886 6.45803975844458 2.23281998930752 4.09238298662754 1.86441739227569 57147.9114781696
0.00967910808439233 9.28659567018813 3.79012791789026 8.36988456927727 3.36610218994994 1.07218049874818 1.84523026361208 56641.1277865721
0.00708959926962292 10.6098702494241 6.14649858849048 8.72015382145286 4.71783095793105 2.18375145446837 3.93255643402121 76259.5271138215
0.0209224579189609 13.6105957222082 8.75943216587904 10.8078343312214 0.483045989235057 0.69178434761602 1.49383657421554 95319.6584109725
0.0122546009140983 11.7386758866497 10.104581634656 12.2082818392763 3.14977442453879 2.56936336521047 0.0144853777006329 88097.5094404023
0.0126592942346355 10.4152338161994 11.5792573734163 6.01395468002088 0.0919751020655664 1.43132443555975 3.7338105328679 93115.8220617219
0.0127921389845602 11.2246327580251 5.51496494864559 3.60810669477823 1.42866463802999 2.8473780275882 0.7309987831683 93149.8036485437
0.0105867499651236 9.88765355693065 10.5952120244666 12.0215291192581 2.5744060904998 5.68119163880422 1.35556815303182 91967.6160801764
0.0144326769899315 10.9326691353515 3.80256511201185 8.79416188977028 3.99223386412124 0.375803852538575 0.0346629371822056 74087.3269438583
0.00910513630118461 10.7507824976992 10.8702054480216 10.2447287544117 4.61954213162931 0.87265006816392 4.49078208132675 94936.0757126821
0.00921652942295855 8.31033657892912 9.86635566129006 3.17188894729518 4.06388229875412 1.76634031919502 2.06256671927305 94943.0003075324
0.00768772045880444 8.3479844051455 6.26481968686357 6.43304592261665 2.46268046719264 1.59828221794602 4.05976423358015 69897.8619306264
0.0101650478866624 6.72372955275203 4.54251933541572 7.619540251207 3.43207345706141 3.12669806737436 0.467591254414679 86498.6689945337
0.00971214530391961 10.0274365906138 13.432826170734 4.57875966014761 3.21918111079896 1.87172899123554 2.91760210670149 86316.6583878015
0.00811016114502187 11.7389077750963 7.24872415676883 7.14268745342269 3.24059718943235 2.78775573302811 7.28206369008407 91014.0326552517
0.00816114773247142 10.2398618864231 11.6888035828677 5.47741776264562 2.62297749082801 4.91055753282839 1.76962652068687 77554.5668103413
0.010040188507774 10.6807929760473 13.164744194487 9.915846309026 2.87518481324538 5.48356361856297 1.21225383052419 89608.2091904315
0.00907123766863354 5.85059396513279 10.3186195794951 7.60728602452588 4.30087564996951 1.98936263469121 2.76093609833253 95665.472125807
0.00895263658600252 9.93630930781051 3.72867543272157 8.78541529912126 2.14629986304762 3.7266076567128 4.89643170107505 94687.5271532437
0.0091968885400872 9.43544454086342 10.8484686342206 7.4894322103908 4.83735300903806 0.0357647871487607 4.53646926063854 86762.7769792841
0.0131088605882926 10.0315114262517 8.22327234536731 9.3183285320554 2.73694429153818 8.90764953920555 1.11297046659783 72142.3984080193
0.00921143177313619 13.0731523948251 10.4533509864433 9.77456594409052 3.45357186497825 4.57114234898066 1.22553604099881 92096.4040844265
0.0116450832461816 14.750096871529 10.9994099926925 8.56921071271631 3.02500391165712 3.73577790791782 1.86348361717569 92332.7384414484
0.0114850931727265 11.2899442396298 3.9772669933549 9.20117397823461 2.63887636414145 0.592546222261143 5.28230363321133 89161.9701582642
0.00769450171430555 11.5419938211473 6.91054370138734 8.25999466071677 2.04985990604175 2.30152427472816 3.18778301581322 56952.4264831483
0.0101114032450946 8.24066057099175 9.92767609005455 10.2703241090304 1.5465742571343 2.45794210101865 1.10645486451605 74542.9398254532
0.00775825440099735 9.99991673813176 7.77250127817449 10.2124473574275 1.79831244381288 4.36252516621329 2.94271764193552 73983.1784946115
0.0141807244624748 9.20061768712949 4.97469175491073 7.6706087493458 1.06600489260088 0.776643361844466 0.101046073053221 62393.6654327772
0.0143093583673602 10.6736269080283 8.02883711272182 13.6218810467304 1.24152428289189 3.17452528620974 1.53078940160476 91528.9066626785
0.00773267242856432 9.32062681133154 8.40629230093993 7.32407282322884 6.67910614355596 2.85921086613152 3.67108837957998 87560.9499336076
0.0138966067171211 4.28469107506078 7.65262886732931 7.83631138442993 1.80104167741849 3.21980406360183 0.754282860335981 95112.6210250088
0.007365907752717 10.0498859585433 6.46361336195988 10.0012704374298 2.38107882193201 3.64023618061683 4.4793961251916 79640.2697793699
0.00649219264211249 9.24028782581189 10.4141322308805 6.65852072933743 4.08404669100932 4.54101303871794 3.76233317571766 93905.2058523615
0.00747830955611437 9.55402790488933 12.2896037849957 6.87173977764039 3.38074569991503 3.9479369272274 1.75032364221561 72741.2018608179
0.00844775365457937 10.6116346138114 7.10489472215848 10.0469122247239 1.22062047637682 3.13506725232795 3.75775697303166 83637.7347907247
0.00724270169923386 12.5615927059258 10.4540275287432 7.91782986454216 4.18573810380269 3.00549480860424 4.29777225696842 91884.8194964084
0.0101096946642582 9.48446538244763 5.76702550061161 10.4059615760942 2.77341032913173 0.74144701528181 1.9399206653665 56049.8783898335
0.011037099055382 9.47780558588534 6.12518636078082 6.53795015231894 2.0907258396712 6.96849354281733 0.997311024280333 81331.6839911397
0.00778671496544388 12.7813239943745 8.21579352613853 7.58754472516382 4.79606061290266 2.56258217999787 4.77276315358151 86729.8709601274
0.011350411500253 8.97516810558337 11.579129853573 11.6856836981596 3.50062057831767 1.57049551031156 0.806035238210494 79492.4645366536
0.0078713301306485 12.2476590282325 8.62234310824897 10.6711713300764 3.75142825624972 3.68680002781918 2.68378316885302 89339.0087205034
0.0143886390355084 12.6767337863686 6.36065049235918 5.66348340086055 0.605251413529075 2.11544592223698 1.12486372052899 84336.2673779776
0.00731805992189908 9.19400807849765 4.94851695716225 8.8403604978161 2.96853348670297 3.36201484245457 3.55700168774913 77119.662538387
0.00914588239463082 9.51114617569599 5.54100585051648 4.68783245549184 2.31899276470697 1.53149300500213 5.22206054143799 88282.1900995052
0.00718894521239562 9.57495241787158 7.4171836840313 6.11564219221721 2.45935251154879 1.90750504451118 5.1017970178828 63637.6609753675
0.00875654540036306 9.82453497565846 10.567523577246 7.67937469359426 2.7657824371944 1.1515790123091 0.812721881145096 23131.9788804082
0.00903004632595309 12.6394565872698 12.1341460478012 6.71061284531841 3.11835757950317 2.08990568609459 2.3303535017711 76790.9069190806
0.0092202877817318 7.66847537299428 4.2736057941138 6.87722500986469 3.70371903933821 1.03906464836168 2.11260749835465 78623.2297814627
0.0103851642519232 5.09932160576684 6.99027353848853 7.82241480877731 3.34732970766568 1.24653972417053 2.43386848171238 79074.0551177001
0.0103660034767835 10.3515717100941 5.77945730033325 4.9474789287363 2.89084509474788 1.33199679822231 7.37130519068632 92198.0850525087
0.00822016784023644 7.54243027346994 8.49521148115834 6.42955845302314 6.09117588549305 1.84995725351072 3.04570916530044 95319.477230338
0.0079484865579815 10.7763834406272 8.3986965869546 8.36157392827284 6.52920192454541 2.39999050697307 2.80039325557136 74656.3623549066
0.0101826915114163 8.53806338411378 11.3882551193249 7.12850790231909 1.93455666231212 0.498516171364574 2.11833004222737 65674.8884104438
0.00730860014346087 10.1689533602861 6.07336762678735 8.12295242744196 3.28981603575321 1.6433114783503 5.22681441661772 57721.1334838982
0.00793833420089343 8.75255328408914 7.56384298944199 8.69114180652293 5.25767751280611 3.49005463235842 0.506640280305963 74238.6359677165
0.00674756097172701 10.563119833463 6.80663997966256 6.63164779774351 3.54082901775247 1.87076739690944 4.39270721063914 61769.1438675467
0.0122186047064424 10.2447713149079 2.29215758751592 7.07925426402833 2.87203904358571 1.38759366159987 1.30354243019526 48952.430606298
0.00741892820318165 8.92015637516119 9.5311149661959 7.47773010186169 2.42989355806763 3.41421208694842 6.39802475375539 84435.0743501072
0.0114931779083536 9.73628438884924 1.90097500547991 8.68135768679464 3.06815733836196 1.85058189726604 4.9766510254267 90866.1624674736
0.00955340668201357 9.06095446488268 7.86545752931948 6.12536830577269 1.84746613984127 1.69633395290631 0.360970115950243 45658.8082638209
0.00880971612653444 9.95093420117725 11.7594020261419 10.0561978920809 3.65051243454059 6.16061067383639 1.88681262785858 98098.2319077085
0.012819900483108 9.42572875610802 5.77696783570062 3.89887519896649 0.980312884984744 1.2561463360495 1.69753261206553 81810.7073994102
0.0103530091462359 7.67624908309572 7.99449046914688 4.42075352637422 1.94282090008828 4.09796337675078 0.807521205184286 87676.4103905139
0.00664967358186425 11.1728547693313 9.48983201966054 7.32901711264994 2.84323925419303 2.86212644382277 5.39209340988982 68882.6501791845
0.0111694092449786 10.1577307029736 7.5306910529875 8.74415483972056 3.88139723580393 8.64489772681854 2.04251812287704 87876.704173532
0.00710076119442826 9.80288174974535 7.56989533744252 8.3655572381851 5.48710729766419 2.49079281083449 5.07133460256017 82209.9034466086
0.00777102188765106 10.6666836021747 9.86495912278144 7.12796566780328 5.26554518142655 1.82321581310179 1.09692554371946 52971.9093678937
0.0136589398084324 12.2525745861861 14.8655209415046 7.01529291048287 2.55001821837497 1.1284548914929 2.74825341400342 83851.1947784961
0.0102790474878956 11.0931068741293 13.6214741111555 10.1924803383473 3.85732996871105 1.68431972857404 2.52517121153769 90582.2084012032
0.0120971279152075 10.0787538490388 9.43702463578268 12.6437112446188 4.15568867880622 1.22570040454199 0.851902016597477 69065.8569520193
0.0128450753422803 8.13508810855431 2.31488580464882 8.12228573764585 2.5724033626011 4.02349185860544 0.491884589490216 88356.3925835516
0.00952390241686624 7.83588428585461 10.3671450212954 9.2600022908216 3.18267321395563 0.264667140816389 3.04333402392129 78651.8455681389
0.00794747573571058 11.5179441917227 10.6486855773065 7.46076072408621 4.92484949955172 3.02684327442693 0.650917510608513 71989.1311982535
0.0102837054522978 13.5808419992184 7.72682158669551 8.18213155633751 5.73737060587506 1.85768072861025 3.70329303539109 93152.6511969821
0.0132498417441499 6.78689979955115 8.24170199606186 12.6425352360569 3.2642008289391 2.43719737471272 0.66431228233685 94745.471702988
0.0108624748901645 9.24103034328811 12.1897618150036 4.32206067907171 4.84920836543244 0.726269886809608 1.17308448467266 92620.7744884389
0.00940299073938865 8.64255853660657 12.7856078190932 9.42438749514312 3.4114604689955 1.36670442180103 4.0251463566065 89031.4328622899
0.00887829573702969 11.0228877933575 7.66903565833351 3.42589629104253 4.88931935047853 1.6793584387563 3.10629514960745 91183.5784371911
0.00798044649651183 10.1435036658023 4.14271684259549 7.23662230270834 3.74829130957586 1.95994629804681 2.82186790760126 60838.6044918719
0.00866079626571336 11.789899541808 11.122081442093 10.8903171926659 2.55633817230055 3.47214656598238 2.40345709886772 89672.8838601946
0.00959209689216856 10.8213698035045 7.19021131404002 8.54096089530446 1.02412863418477 1.15379397180783 4.75835153941569 69132.1986151621
0.010715535879972 12.7740956178914 6.47604321325814 7.13089747553079 3.39184968207191 0.732101790638657 6.63702460150704 94740.236600048
0.0121390270491087 10.4614868495144 2.26786595057583 9.29227425221431 2.57535268025307 3.54110157471798 1.3196262112932 75262.8261271003
0.0151901193952242 10.7311844218137 8.89845376269263 0.404529449690479 3.0762524320426 2.63486529343499 0.311630188497377 94754.6034327132
0.0079920209078086 9.45866430077979 9.02524749411583 4.55653021470163 3.38838459485438 1.24191163153426 5.00441831679472 78636.1288595281
0.00702336039397151 10.2078653139886 10.7636173266406 9.71374210781211 3.87593746141585 4.24206390218157 2.01689127624994 76757.5923063133
0.0109646191903275 10.6237130926237 13.1830789564878 8.21505478474275 1.46213252656299 4.28473656200527 0.846991453982287 79725.5364088099
0.00909521996070331 9.35343280249266 6.69158642639907 7.98064088582343 0.659743615590792 4.69996751006879 3.04370931571761 85196.5416562064
0.0117669124932433 13.7841719312532 10.2403306705588 6.42036464693662 2.23718066201791 3.14487154772518 0.527685094691211 81026.2102011997
