0.0100508268913844 10.1880251211186 8.02718543889748 7.73933399626446 2.77678789508379 1.35401845021434 1.05769674540723 2575.43606246812
0.00811789496962619 10.123655434756 8.21858219131568 7.79714461213299 2.76322341917097 1.35612497942062 1.17412387183427 2291.47613865105
0.00957013473416033 10.0775962898497 8.00902346053158 7.78966586321198 2.67922846284663 1.25153596089619 1.03685149619763 3093.8836582149
0.00966276841496339 10.1799189766873 8.31082137265291 7.74436872222671 2.7778155949787 1.24235901218039 1.0739187366392 2875.89620582803
0.00985271869734784 10.077332163094 8.01622746342349 7.82734125410648 2.73031698599659 1.37096703765324 1.1524437919725 2913.31182961964
0.012640812131852 10.290563873576 8.09150722405886 7.75975090770002 2.67508013990972 1.35318515219022 1.05201954896589 3047.58438484694
0.00832141439064533 10.1178902543144 8.0838878827903 7.78501052955055 2.79211923829579 1.22174998756528 1.0498755912099 2493.57431833278
0.00783388374598708 10.1011585754629 8.24480766716366 7.73394677587978 2.7033644468437 1.21802524861435 1.04849513487766 2837.5787649083
0.00991679332224093 10.1775681133484 8.05842360889908 7.82637436966836 2.73313814828566 1.23705147700208 0.971536729903832 2800.99843286898
0.0122341606317347 10.1737818629145 7.98854167483277 7.70140327047605 2.75139780129933 1.38502509925486 1.13284879181614 3095.2610542485
0.00892580035828422 10.2028286705459 8.10170113664269 7.8083527854682 2.65279307758131 1.22101630497311 1.08780246353793 2636.65786005859
0.00974065795812949 10.1943498753709 8.33459765900498 7.72993426759581 2.70727542783256 1.26388226648625 1.11577752402068 2911.21571203539
0.0106389647243273 10.2635340139848 8.17473454767578 7.73865210974164 2.72245845569282 1.26739261764816 0.975852157035347 2923.29733534245
0.00835247009918043 10.0780379138511 8.20124900575394 7.82913614400075 2.78093756187309 1.31055072618215 1.04148522822793 2440.3253549583
0.00934883822876955 10.1722227882367 8.12625085840503 7.67810525673052 2.7124437518088 1.35435347349022 0.980776205859915 2570.04856603652
0.00769541930188763 10.0714708844235 8.18880036380842 7.75879916478299 2.70769695586353 1.3717119172432 1.04160972881897 2261.05314975848
0.0161878449749803 10.3328834108348 8.1289980273798 7.80343978807987 2.7652279182223 1.3407557804675 1.11269309316107 2865.36583890397
0.00771642625519461 10.0717586604819 8.1152383907918 7.85741769818594 2.73411229465985 1.32915167089237 1.09574947918358 1853.97034065068
0.0103228241100431 10.0553463979461 8.05006550710057 7.84088596908843 2.79117920244325 1.33844918775949 1.07785737747374 3020.97762338484
0.0117403510920452 10.2245454839077 8.20653314237984 7.91530185740429 2.73759632817971 1.35955115183379 1.09417177582084 2793.31048001425
0.0103475254709773 10.0970258995586 8.15489149439706 7.68179783797881 2.7113882457512 1.3140489203115 1.23872427672705 2798.19648795287
0.00934834189544577 10.251527429063 8.18994955061567 7.85028879431219 2.72029927619865 1.28139939207764 1.08849596801949 2205.26878700588
0.00895750097488401 10.1253668135145 8.19697905017695 7.79199294615203 2.66417919286427 1.42728848504532 1.09852082965461 2407.13024650915
0.0111713657825536 10.2235617446695 8.18919287020556 7.81626376604202 2.73619592475071 1.4370422163419 1.13999656939061 2785.75663291573
0.00880157935861645 10.0905424055191 8.14173687311937 7.76178464240019 2.7593846392769 1.42811889784179 1.05464446639992 2262.04441603406
0.0077593639955676 10.1719026051433 8.21187541180904 7.81867395261491 2.69305576016559 1.2869011790263 1.02138103799223 2113.51771442147
0.0144136388891783 10.2260814262439 7.94483239291745 7.75401755345741 2.71274337117697 1.36213137039239 1.08811799231148 2793.12148964405
0.00857418521893663 10.1018434381211 8.26639680922119 7.85660529329763 2.71621491877064 1.37340552925596 1.12048173833354 2772.66757955489
0.00980056694523048 10.1406566461904 8.26535910216479 7.81911978768897 2.75078978612378 1.14071705254933 1.10673854787184 2977.55928359366
0.00802884389779282 10.0768905042406 8.15473507540714 7.77878458502012 2.70997826644478 1.38189638596769 1.02245694483244 2027.69735761169
0.0107544204781802 10.1914552972572 8.12454230092986 7.7688468723042 2.72422559111902 1.47210279742235 1.10738904821042 2094.97820450538
0.00943671634675811 10.1275735268983 8.14788385577383 7.81888667248545 2.80730674533093 1.25587357815269 1.00630737864549 2564.92886854522
0.0108570012072151 10.19154747611 8.13170040038203 7.89436538066294 2.76087629373203 1.32864053197471 1.00265699152355 2640.93172618208
0.00866806322131009 10.1040626264671 8.23956939701344 7.71380539500584 2.66074341369529 1.35850432844811 1.13161209813305 3085.26860529263
0.0111682851895987 10.1763585646855 8.35520858224197 7.6982345541746 2.7627748088267 1.31776944109243 1.06049127980006 2931.37686803396
0.0138381560922076 10.3013688725372 8.20224047093525 7.79999885837644 2.71836088314638 1.34773751317883 1.17921004113021 3081.59610375903
0.0091006823639442 10.1316188341153 8.14995965277199 7.84920423875296 2.63494771009187 1.21641685499209 1.0841232572755 2676.97590953898
0.00919753319115531 10.2198512829168 8.14923709599508 7.8277584393809 2.71674409163765 1.28860529632213 1.19842009153041 2309.27128767521
0.00776770045766313 10.1112221629869 8.19716007171933 7.71410875322942 2.69626189016717 1.19735828763994 1.05591578249187 2799.2224348131
0.00884365942611927 10.0775157871557 8.28930701339387 7.83383847774779 2.77209637375997 1.27796938819444 1.08680955192024 2847.10173538388
0.00947511540487508 10.0907789080869 8.14741383731375 7.65114410843605 2.7292458974494 1.30667745984282 0.985271489958708 2537.16733275139
0.0106010241169426 10.2192458188529 8.12725754311547 7.85109222074869 2.8124901259265 1.28078145253676 1.1243441323843 2895.35501678716
0.00743844255024681 10.1689753370112 8.07936233557063 7.81032363425107 2.70259718622609 1.26771097409449 1.05253658370277 1807.88527826862
0.00852784638322077 10.1394151431206 8.14941921055066 7.90221542482913 2.75277053032682 1.33252767344047 1.09487624659457 1673.16014011309
0.0137946578901526 10.131482215336 7.97482524718717 7.77556966998073 2.73165447845047 1.45296277755435 1.06422932891848 2627.67975518216
0.00972324595130344 10.0804086385231 8.17454309067901 7.82695512834279 2.79131456300855 1.41015818983854 1.06115459642746 2951.13013125214
0.0103597186909364 10.2586030718145 8.18933512784748 7.7592053473749 2.72795362915118 1.38097835471063 1.13732879663542 2419.6079591286
0.00931372525311406 10.1223839407247 8.1642319379613 7.71914830794606 2.68605886782451 1.34927206806043 1.22190450381998 2737.11583169184
0.00743819858243237 10.1861044480538 8.15668071561348 7.74375783361049 2.70738171274502 1.27519940544491 1.16780666127594 1902.01792525792
0.0092404835932824 10.0984509466751 8.1902750478698 7.74001904985667 2.75297543321191 1.40865310629047 0.986519443628405 2949.81169351866
0.00992602897798171 10.0990028846497 8.17365681929836 7.91024143872233 2.72963188615739 1.32268907419805 1.00612624334038 2519.07081973384
0.00785466487145082 10.1330329619919 8.07185227796963 7.79788046310605 2.76704662147181 1.33686848832291 1.14109782548103 1839.87915656565
0.0113878437735234 10.2258856309435 8.27990039116009 7.79141231566409 2.79768429461631 1.33121331694915 1.04189630682494 2975.16240591448
0.00962758164080395 10.1479177800344 8.18471180163261 7.92987419888683 2.70491924874608 1.2458113153521 1.04802695442265 2686.86996629293
0.00894278842616678 10.1956981454481 8.18263993826312 7.68118542527431 2.68364869987132 1.1885658000469 1.08889508884444 3038.97738350731
0.0075559930813028 10.1611258077182 8.14329578351157 7.8375797534952 2.76424047768004 1.33239491029487 1.11232083191918 1384.83760315062
0.00962802620835719 10.1352263237777 8.05982689489873 7.7126794425033 2.73860347548207 1.41638530542021 1.05611756443992 2444.67776687723
0.0099577015141509 10.1659785678364 8.18572305879041 7.80257913664735 2.75515172058149 1.30065312377863 1.25397045418367 2331.66329275433
0.0125360357047745 10.2785528583193 8.17759837329765 7.80236763113101 2.75196569831105 1.40881990638091 1.08327549196617 2678.84709797218
0.0103382514430958 10.252234350165 8.06863446291634 7.82550760309512 2.74060288124095 1.2785492316317 1.03285737298678 2693.270882499
0.00989743416931843 10.1864829765511 8.23742874904218 7.81538826044573 2.75963956598784 1.41674395771424 1.13086786857283 2773.04516671924
0.0131827185486868 10.1112849991737 8.14777966705939 7.76643930460729 2.57755040302364 1.37827098266655 1.08434949683873 2772.00663911126
0.00912512590877229 10.10832136834 8.1603908746751 7.93776437764534 2.72153881509468 1.29897894483665 1.08869443650709 2050.87688308113
0.00997565561754128 10.1466051421653 8.18588989426623 7.78793015975317 2.65864693043547 1.44587525037439 1.05618595827746 2475.84510051742
0.0119273098380095 10.2003805221896 8.16208558442161 7.81034608613059 2.78630934065459 1.37632672503346 0.958640146118985 3040.33998502931
0.0082754272896193 10.1518871808577 8.21771347445076 7.78025865374946 2.64040462115253 1.24053736297039 1.1017597668031 2197.27671388212
0.0078200361450196 10.0856179661297 8.25868147680803 7.81316609561246 2.72423227375463 1.23424006810981 1.15500453637049 2828.5202477406
0.0127034788253999 10.3110506608189 8.15335176317092 7.76338243434225 2.74542057837076 1.29450169371604 1.01435058856033 2616.09169934629
0.00956229990213269 10.1941123523483 8.20687666904272 7.81795329774883 2.66841083287121 1.30654217946784 0.984743826927933 2699.70093288736
0.0154432032348139 10.1550797458946 7.89392618920284 7.79950345602634 2.69808869629792 1.30193505776354 1.03166246724411 2710.47062541521
0.0142416289325122 10.3220060922303 8.13327190976526 7.7922283495386 2.74495853932542 1.25654041079205 1.16302507358138 3034.80427468701
0.00836187748463084 10.1296549163367 8.27205091310708 7.76868349923792 2.71479470110758 1.24572436888311 1.00273720733863 2453.35862706318
0.00907734197456201 10.1991803511123 8.26766298783243 7.74005672565317 2.72656234765482 1.37743026387105 1.13495926203114 2497.48836831092
0.00886792321776232 10.1187238953368 8.1827190961602 7.71043898277733 2.70736570353262 1.4228078702376 1.01951940684448 2782.68321484994
0.0113445841139375 10.2488321436478 8.00324325018566 7.7920822548559 2.71132855843579 1.25232726896837 1.13654333766753 3016.07952511144
0.00928151184157424 10.2215534959858 8.04271416414271 7.7606647215287 2.76789905511883 1.28927642440514 1.11454125965949 2341.43325165396
0.00802986617317961 10.1475923954347 8.1387921002197 7.71557627845547 2.783998956256 1.23556385648403 1.14841210479915 2345.08052381257
0.00961220579743299 10.1133446942397 8.04708268650859 7.73606129573766 2.78267156414596 1.30059212784606 1.19728468369866 2925.02676773747
0.00982284139291864 10.2826969005656 8.1485803502857 7.78714637411709 2.71146662638733 1.25901198661101 1.09370326281737 2009.68886063919
0.0082823609915235 10.1574612577915 8.24514347783653 7.72720212741259 2.65680721497826 1.25417849226597 1.06330792699369 2646.22096465171
0.0100274514363585 10.1151957147763 8.35099576762227 7.83474641880879 2.75898099567286 1.29978019270145 1.14034109523324 2981.02581954832
0.00896590998285142 10.1639470825892 8.09636485534736 7.81010556839251 2.63708807267373 1.33738979441016 1.10295466196226 2082.94409604732
0.0103026255081841 10.0044713205272 8.15282471373597 7.79267653137188 2.77863269396871 1.2775681229244 1.17461339450636 3072.41038558612
0.0095787755802391 10.1087675195702 8.11185966460016 7.73337433108706 2.65588084607745 1.3944374497264 1.02009850338469 3013.92396390353
0.0107877894102419 10.2665031059176 8.12223314472352 7.79437894746204 2.76902864822105 1.33903673336333 1.12778611293135 2361.67652373801
0.0111287998024293 10.2208632747898 8.0952347941986 7.70256876803695 2.7303045172651 1.40202679372591 1.15935403538323 2949.07124049614
0.00973578741965481 10.2437005025102 8.25800202628716 7.72909025252099 2.74012530421352 1.34512228066866 1.05191104968809 2703.23746461942
0.014789747997628 10.141641360701 8.2596629340492 7.77240432345548 2.72915536633122 1.28112984246538 1.32006028276508 2962.02698550111
0.00948988232664958 10.1787811530959 8.18615125106169 7.79048266343041 2.61878134970657 1.29934251277508 1.0594882194583 2224.04045362525
0.00831987327739534 10.1487186005367 8.15180058239835 7.65135640942201 2.71249303056129 1.33947226634563 1.09798110013122 1632.71880717486
0.00912468365804002 10.2020800102429 8.13174453421025 7.71232575964047 2.73447607290636 1.14675699986864 1.05979574911101 2774.38545120754
0.00985516377139055 10.1361923455828 8.24363477415672 7.74949955301504 2.62434291784026 1.34862397352021 1.14831678547534 2974.12374820553
0.0118984683983596 10.1770132137561 8.32299266471435 7.75198332696068 2.72225756829669 1.29791597583909 0.946670017154528 2933.29688994308
0.0152329927564244 10.2690779625803 7.99988949728111 7.81034350063438 2.71835920266164 1.38738439833879 1.08959749184356 3042.2116982896
0.00946594758301119 10.1857452617576 8.25732934397346 7.74553346060872 2.76930990204557 1.3346043348534 0.992397767454467 2737.3995215078
0.00911803742508795 10.1470355091424 8.17688746155238 7.67905765613209 2.69804291925524 1.41440111816671 1.04317718405458 2603.11840996442
0.0113954963429221 10.1569632931415 8.13723056890785 7.80393765852419 2.68393495164737 1.3277657678279 0.915669245075125 2328.12536847019
0.0082059485949592 10.034090990958 8.15577148279186 7.84384450078292 2.75247472412277 1.27576896987774 1.13637540667487 2665.39530084758
0.00884643650529598 10.1109374557892 8.11224557569447 7.86521026620772 2.69756083376708 1.3974059610767 1.1283524522213 2669.56799869577
0.00952184132929614 10.1384639022391 8.30099012944178 7.79221866358379 2.70044175773521 1.41351211062957 1.05898976388419 2560.95606560726
