0.00784388488745922 8.40693612818394 6.11334383283137 6.39835185971438 2.98729435025306 2.08692709533584 2.26645020419517 60349.9409037075
0.00982736093091626 11.1780056049495 6.33821467501178 7.55532352878663 2.01744929216595 0.759895578860252 0.784102464335493 38081.2674465318
0.00855744883710851 11.3515510148789 4.83543587178993 7.5823049491859 2.26306665246919 1.53019193565994 2.5706708991617 52818.5468439468
0.0107870845714163 12.055177813732 10.264829702245 8.10147164933984 1.63841232139108 0.973572033344391 1.22341707722235 49917.9903994041
0.00732672258722963 11.0006599086385 8.56715679161133 6.41369094333103 2.93153191409375 2.18002246267135 3.61925740098676 51370.0346744973
0.00820562005285721 9.97800435254109 7.68666560182192 8.57046873342238 2.87027669264314 3.24853212863912 0.168197189022087 35520.3234097235
0.0080015346344779 9.67965035194939 6.17947798950074 7.82781908459561 2.30704615468887 3.16275807382811 0.560186800583856 41117.3476867919
0.00999087332939638 9.4988823920467 5.46509054762919 9.43205244982227 2.27882864781983 0.148068543281084 2.30310914272298 61874.2650804449
0.0101863077669922 11.747944987258 10.0076516508379 6.84392727393184 3.38446273912409 1.10001563552427 0.983143306518169 44271.9560889728
0.00932259766789076 10.6144644667375 8.90687094866152 6.91436252975436 3.40551602959053 4.91555336244237 1.50454291615944 55514.5193892668
0.00734145421517736 10.9002437254338 9.17690890268118 9.21305888946987 3.60288534887783 2.69798368465423 1.32619063465881 48496.5910135938
0.0108122312943321 8.2911162005998 6.54324005989823 7.09748229076052 2.74657809407123 0.525039501041028 0.443643024598451 45980.1973251204
0.00965156287736214 9.92019743740808 7.73856211132946 7.2434233825369 5.32748911314176 2.15335579095836 2.45805682268515 55018.9748580405
0.00808947881889301 11.45921975222 9.69245015753899 8.55067961507337 2.33494189237583 1.55748925207921 3.65734983675192 55044.3652670049
0.0123395446841283 11.8511781199005 9.41062093567039 7.30549535044413 1.59470191596105 0.430251411756242 0.783815548416723 50338.3865356077
0.00884674727199121 11.108625512455 9.58072547528728 7.7054499370764 1.36544049593332 2.37790608512102 0.939931025953883 44266.8911682479
0.00889684049275416 9.13749510577526 12.0433449167222 8.05972750314725 3.75299969084796 2.19674337965109 1.90608883764496 61594.7378876851
0.00989881516532995 8.77671824849557 12.033028249231 7.18804259165948 2.57728376152269 1.75453913105722 1.44912477748506 50933.1362181771
0.0108532043486759 7.64541021907651 7.79012487057011 8.04395887669985 2.3300647115518 0.466659136482372 3.71558951678381 61433.7807890104
0.00963409323314586 10.6060671134433 9.78211042164916 7.49269479927197 3.77683259126158 1.24411273057967 5.04175345664232 60237.5884698139
0.00867470937820784 9.83859826489763 7.34629698796639 10.0245944878463 2.67142533347863 0.582113800158199 1.80957102182801 39613.5759719755
0.00972067033454271 8.67911348785348 9.46865129354094 8.8003542903247 2.1574856306422 3.28610643340288 0.0734337669819645 61657.6440528226
0.0100123250366881 12.0916541516793 6.28504588606105 9.50853532990732 3.17986785783103 0.931647883773561 2.05780983226763 60104.2979275524
0.00744067535071677 9.72080532034176 6.09366937475121 7.34128696292251 3.37723063270993 1.10851270530255 2.81746160765778 43589.0503818232
0.00876789226630605 8.93568971755555 6.63859570407618 9.81364622506943 2.03555360118768 2.16761601034985 0.610211481887262 57506.5877287891
0.012492760802257 10.0427996477315 7.86290307759076 10.1386446324141 0.761008141198919 0.758002958777046 1.14969280884081 51642.8512895201
0.00846348069122627 10.568595145405 6.88377070260102 6.54080536995275 2.57823216112553 4.38783487642549 2.63823029806769 60563.4653813212
0.0099375718285574 10.57472306556 11.3267775659641 5.85441318616367 2.54081882679496 1.02640961261632 1.84217857337615 51045.5911454815
0.00965931372059213 9.97019902568139 12.4616041107444 8.35970943993274 3.04398012468906 2.29568110342935 0.814824993316467 47337.0350919333
0.0102012883524376 10.9999157159069 9.46764305431173 6.36316512593614 1.66731034603839 2.10436177943895 0.292285062209713 53506.7626802132
0.0137264890943251 12.1987988797625 7.79816931916666 8.27502495973448 0.856931037712747 0.986790839452118 0.335001785453441 55820.6880201809
0.00760337551383751 9.62056770525046 7.2518325495101 9.22858256127258 3.82467001272975 2.84212317345173 1.12575159486392 47863.6002079695
0.0127851574366362 12.6813369972951 8.09149856393559 9.73112961630868 3.1034239449795 0.868685619694474 0.623247262261991 51109.131281797
0.00959553574342338 9.91869559409501 4.54213761610759 9.09996612698155 2.95567744230015 0.805135018797435 1.06245604284543 43676.0413386342
0.00815116651780227 10.5857672245839 4.75954751009031 7.60936259474431 3.50480137476305 2.98595688011324 2.04435013306954 56847.0825385262
0.0181057216559526 10.5146317533058 6.83116524507451 7.34887368770491 0.00275212156360682 0.197607156244194 0.537114658915926 62126.4495088159
0.00911461595868921 9.10750625651182 10.2135774549703 6.18080154628698 2.44255884792898 3.58505171531832 1.07270353038773 58135.3888214773
0.0089900462351746 8.73860687553414 9.03393597864962 6.62033743301722 2.01404521371105 0.847075218465369 3.22453664749376 58160.2591447424
0.00948188857887493 10.3303692672342 8.45894771977345 4.71630494966451 2.04632950453731 1.46585636448877 1.84848820776176 45346.7985766004
0.00986560840251187 8.84665580418224 7.39190648955274 7.65453008565045 3.98039550773984 0.17720439727878 3.63560084318938 61601.8400096458
0.0099852182902607 11.5020272842034 7.8793923291 9.31841192369058 3.75329694384684 0.35076553996268 2.18625583364141 55177.1121688773
0.0127106745314166 8.93726614210998 10.2468132261626 9.29470401194679 1.68419925276156 0.332397484877872 0.712039684596889 61173.6169025735
0.00874615510099905 10.0376209418558 8.84059667420035 7.70822889256541 3.73483559103369 1.35056639745565 4.91581208036213 47565.2162994954
0.00751247659708565 10.8122004845345 6.85327430689411 8.36054571734324 1.69695250353259 2.22060646947249 1.46520037672467 41701.6271270957
0.0118611528369422 11.9138713175722 8.27792649814494 7.79817529942789 2.4776583729221 5.4279175783757 0.974574150809292 52488.1499703105
0.00797539877890587 11.3679451550721 8.5425476112111 5.900930974734 2.59610529520564 2.40900992031069 1.74260965300352 45257.1432188051
0.00973863630867162 8.97200232095001 8.22541698524859 5.56677201666588 1.5315538806016 2.16193678415558 0.958407010895431 52827.1573481305
0.0119540124537848 11.4055537993168 8.83915520131485 8.09119984036914 4.0831505537657 0.566588074132323 0.463393483224941 44596.2942543355
0.00997936815228868 11.4949161492198 5.3250322615229 7.94170390751891 1.21461353125198 1.95420201864037 1.17289298135158 55528.0425164062
0.0114651070345608 9.4343991916595 9.97822445503451 9.5316850609258 1.57895796014426 0.200574289306906 1.73027719189723 61100.6016881329
0.0115383506802233 12.218654706578 3.94414963556718 7.38936109572267 2.99929993571825 2.24526254691529 1.34952456307995 61621.1704638025
0.0102171864623911 8.77990686831274 6.47833663177888 9.50996201667054 1.67102373360261 1.57398970577499 0.279283474241621 59750.3642973325
0.00768731367743335 9.02820709635035 8.51676606364183 7.88036944018253 2.82472458891047 1.0228708079342 1.46920838940094 20458.0995584916
0.00966114261966851 10.5519997431709 8.67903309650365 7.46723140030514 3.19095883766604 4.24042168112858 0.132785117273664 45507.5726249243
0.0101639429372221 10.8778857368307 10.9090343105088 9.9941847015084 2.97299635017561 1.05763844976462 0.786419960501136 50446.6048801588
0.00765838867685089 9.59868035859359 7.01484041462752 8.5210114929282 3.69861561924125 4.00092604302216 1.9653802769956 57690.9736132398
0.0111768214625228 8.31771239504352 7.82421463440413 8.23249834199586 1.00790286205173 1.35037563362901 0.78656211280559 47039.6074549067
0.0122444364906293 11.7726827658223 7.85805382977746 4.75634517973784 3.73599088359625 1.3983615622452 1.24904956196952 55910.0520080744
0.0110642179179734 11.928476113568 7.99018787289371 7.9333154838927 4.72184221496152 0.809920422484062 2.28850220960195 53745.1250988676
0.0116273945957933 9.96783031849671 6.199946571322 4.40702933000015 1.83936615400072 1.62255431267745 0.692615232911095 59365.3296256937
0.00906017108808501 8.88821491564748 9.47922941965403 7.42144026049359 1.93218779396345 2.20586687511148 0.465767231413146 45033.455086913
0.0200335771229042 10.4082612463262 5.96762135109261 7.6173404294648 6.31702212820245 1.13699848062443 1.12108933592301 57530.8734724166
0.0097666069800342 9.26101182466156 12.1730214864766 7.68895270723103 3.20337097163492 3.30654303668267 0.920678571799823 56974.3691665977
0.00687643028157823 10.19301210842 7.82140101392556 8.31917902728035 3.43381714466988 3.19595065324503 1.42940628233856 32622.1311243765
0.00978810151369949 11.6738293712028 7.41404549568256 7.71489177269809 2.22617399401401 0.663063478153593 1.06176441408791 30301.2542092961
0.0079418266726555 10.3568672303775 7.61839402796545 8.64089981607904 2.92540501195222 2.63890592951493 4.79883621250537 54452.0584996062
0.00884886541098737 8.44667589951867 7.72023429886753 9.42605998253519 2.25035349136381 1.89197690976721 0.530009438438154 48059.2308063066
0.0115702894791827 10.4190133854201 3.77285233352455 9.86578385520728 2.50101550872848 0.576524453605402 1.36125769937337 59487.447647289
0.00850303237101249 9.36470109525965 7.69634285599931 5.27327604230769 2.06805622133196 1.51860651476158 2.88384925589716 55474.0269024444
0.00828887250080512 8.65093157654828 9.50660014260714 7.25286893655634 2.87613777198015 0.824756508114341 2.92643139549711 47776.3845320538
0.0145339506803778 9.92920732548802 9.0288278529991 6.44128589254869 5.39451743457098 0.716588860354673 0.91251574874377 54271.5309709432
0.0072035919504326 9.94053438107327 7.03544023661855 9.25134088870136 3.90389271373144 2.45162118548499 1.85896571151556 49999.8686623887
0.0100572143024666 10.2887335333316 8.67237649593729 6.97032863011104 4.41895677269621 0.24701308427139 2.35261633094341 48899.6183026959
0.0081219112536577 10.9374225651078 8.76864656432688 5.46795830329883 3.40157579259232 1.85142959029315 2.83351115317809 56825.7003269109
0.0100669109991399 7.85624724503558 8.9620340362253 7.03181325844795 4.36715548468239 2.04478628106093 1.2368591712786 59409.7859441155
0.0108842793384598 8.89822911927298 8.55584878574027 6.374310646817 4.04024150169374 0.267727712864502 1.3753436374116 52141.0223994865
0.00881326457347125 7.39473432069194 8.43408971073955 8.42600516741935 2.27733351049358 2.4464541098069 1.78307002901898 54602.31236317
0.0120515800545986 8.41157528432428 8.63463103204227 7.51925212721188 0.949221900214313 0.99855177367213 0.861631364747999 47840.5266889846
0.0099010328575514 12.6219800444774 7.89430768262356 7.12048835992891 2.48837220686793 1.5073867675796 4.0276257298434 56588.4520365456
0.00994656808412339 11.0975908470634 8.53507190380774 9.46491869737626 2.47162249940386 0.300682505646452 1.25582862478239 38166.3606878883
0.00796541922778586 11.5000605574841 7.70284266158281 9.28180901587623 3.88669590028456 2.47066709610379 1.67468706223514 54812.1877705796
0.0120780796308721 10.8357929801168 8.27584609664036 6.78261075355424 1.62157006542091 5.41984719504253 0.91918200671582 61842.9356789056
0.0100804059630918 11.3860184093959 7.40682733577101 6.64845976569208 4.1955607748544 0.551626130046879 2.63904281357918 60398.1261737646
0.0117698806457159 11.5260004749164 8.62106200970021 4.93910637498025 3.34280256349139 1.4724162255707 0.699072236341402 51399.9073477895
0.0117861205576856 8.79153647657549 9.736474358531 8.86610481861233 1.2563077913198 0.529617081039827 1.32206008876259 58184.6885750567
0.0109140279541205 8.84278177690825 6.69562692377864 9.70564188003777 3.37525722373543 0.416134020270085 0.487449772209869 57792.3302214165
0.00967547264494088 9.54031187671198 11.4634413109954 7.95575661916284 2.80284380007381 0.93311495869822 1.12446654045092 32401.6874555265
0.00766129660750655 11.5572726020201 9.90017535147877 7.77649973730748 2.10177476448452 2.96993828073771 3.02130813224816 59494.4443611582
0.0160837393081507 13.7101753788548 9.22013520273915 8.95011615788716 3.42508144982747 0.768464046338239 0.971824017190335 60948.2074728326
0.00978854813995675 10.7389072454844 7.77828953898019 8.18797854970657 3.94338413645741 0.723784923245514 0.766767912060063 32165.9683014274
0.00928323664891022 10.169525076812 8.16537698922176 8.78004992702125 3.86621197543887 1.84881758910622 5.21405151271319 58117.9515103287
0.00859337624613009 11.1156335380327 6.40984622828082 5.81347610427948 3.19761111446479 1.45147499728797 2.11579527787259 51515.0811067092
0.010304418662642 12.9910424809307 8.14939680415298 7.83673486771177 3.03738173860521 1.11828511636718 2.85307153162837 44512.8012360015
0.0114428776172615 11.7649877708251 9.83934358000212 10.6677053923309 2.72063954525354 1.67895583140354 0.142125257933738 60715.6433634324
0.00785498520313377 10.2602879566643 7.07354884887718 8.7890561768987 3.46286748238246 2.45174491234137 4.57177244339846 61142.7525101578
0.010829581427387 9.90783554472593 8.37266923076937 9.52191283791572 0.68069440710979 2.15719537409875 0.713770962776905 52987.657866564
0.012628689969063 10.5296471109062 8.6455125976697 7.37053429563729 6.03441534066447 1.89023725098066 2.46321233489534 60958.2744898491
0.00949680236649614 10.5413440494436 8.29649361599027 11.5798076643414 2.21729862285923 2.208030053923 1.00697548517833 50951.2777883097
0.00786593472754978 9.68453766126625 11.3169997448368 6.75337220486349 3.33435442600804 2.37624005221613 2.66124825678429 60925.4510390101
0.00746793276445854 11.249436470907 10.6181677778793 9.15413422621077 3.0876763580349 2.28401162983689 1.97586825621939 56329.7202462403
