0.01 9.4368906528689 5.3769300703425 3.83552684099413 4.12860135314986 12.1959950902965 0.782075811875984 156220.633909353
0.01 9.86566907493398 11.2642114958726 5.2320518810302 6.76361020188779 2.78549922863021 8.85548771708272 158166.904337339
0.01 4.68220476759598 6.66392920073122 9.64230425655842 9.44834605325013 1.45793930045329 6.16508587030694 190993.425181286
0.01 3.74854463269003 7.96302634757012 0.649987806100398 1.27437347662635 1.66105746058747 3.44001175719313 171112.090214583
0.01 12.0305759087205 2.55006132647395 13.2195935247 0.500464750220999 7.22532372688875 3.95097311935388 194256.35249431
0.01 8.25458626030013 9.22395650180988 1.62577885435894 0.0541609351057559 12.0270502776839 0.249810700770468 196322.677787576
0.01 10.836007730104 11.4148722728714 9.20683496980928 6.55773490900174 13.1062737980392 3.7722968228627 186215.864993327
0.01 12.1363115916029 7.77209470281377 1.06139276758768 5.41843935032375 8.859154303791 1.40779652399942 166744.038244509
0.01 5.43139780056663 6.1608907871414 11.2473700311966 1.77419402869418 5.93270308803767 8.30402240389958 194205.749094148
0.01 4.57818806637079 3.6259263579268 8.76853978028521 12.316367776366 1.47138700936921 1.45189589937218 191016.40246876
0.01 11.4260368281975 11.1530733061954 11.0153046611231 7.0884264644701 4.43446411052719 7.08837278885767 174716.763902564
0.01 10.7617884292267 13.8129091425799 2.92168043903075 3.98111507529393 8.56696085538715 3.86635708040558 173477.674223826
0.01 10.0547488429584 8.57202279847115 2.08027882967144 0.446661519818008 10.7360105705447 2.79775992035866 163644.941106117
0.01 7.42172706406564 8.38565586134791 5.09147011209279 1.47962444345467 7.93709058430977 2.77551154140383 130078.084351316
0.01 8.04300750838593 6.69071006239392 9.30038287304342 3.17120738094673 4.72736953175627 8.33587989793159 130573.942903014
0.01 10.2300256071612 4.74308003322221 1.66167625808157 12.633440347854 2.66105637070723 2.62548362952657 190568.340469665
0.01 3.20427377941087 1.93583162035793 6.56475258758292 1.3964366633445 0.239785141311586 1.67208086815663 156491.316972927
0.01 5.47110168146901 6.08832672005519 10.4186157113872 2.71154839312658 10.6607891991735 4.99934440478683 184605.160580229
0.01 7.58174647693522 2.09787079249509 3.01073393784463 6.12054452416487 2.85561792436056 2.22146759158932 163425.796983326
0.01 5.08352091070265 6.26704817404971 12.3429219145328 2.77689990238287 0.280113739427179 3.60253204009496 133236.695530421
0.01 9.85477661015466 6.91101888427511 7.4314159329515 10.8731061627623 3.10918402858078 11.8427600653376 188212.161239933
0.01 14.0055851486977 7.30296721332707 6.77205696003512 0.548314863117412 11.1448751168791 3.65549209294841 166134.513428
0.01 9.98076299903914 1.08651935937814 3.86578472214751 7.81312687089667 4.65761802275665 2.30375597253442 169402.604521247
0.01 8.42069553444162 9.65311821433716 11.6468709614128 8.03390156594105 3.19044558447786 1.42067606560886 131321.806718852
0.01 10.3402556281071 1.52239442802966 8.39078179327771 10.2399267756846 4.02323644375429 4.82993955491111 174008.277042458
0.01 12.6307809934951 7.65200995258056 1.2612231541425 2.9562243365217 6.88984287902713 0.156177679309621 134252.40118834
0.01 7.82930662273429 4.96619419427589 4.39430803991854 4.29752912954427 3.77358494675718 1.09068932477385 109370.306685005
0.01 10.1450546539854 2.11253924528137 13.1703009875491 0.547259892337024 0.694052260369062 5.95479648560286 154691.811250529
0.01 8.71572112315334 10.7125743711367 9.49326939764433 0.795508311130106 4.65414455509745 11.1057955655269 170460.159113679
0.01 11.0824257018976 9.3680693116039 13.7131415912881 3.20011773495935 3.78360422328115 0.325088863028213 98002.1533654768
0.01 3.96246419171803 10.5422252125572 7.62601488735527 2.33920408529229 0.996385499602184 14.5745553611778 192160.895523739
0.01 4.18318706215359 12.1359050204046 11.4500643045176 4.34910082141869 1.677010768326 2.75049743824638 154775.429597971
0.01 9.21549788326956 10.1886619941797 6.81771609233692 4.58440277609043 12.8199480380863 6.24986548558809 174352.682490031
0.01 3.007695407141 10.2175231219735 8.75068370718509 0.0793019961565733 2.2553348809015 0.51348184235394 144832.436885721
0.01 10.0015320524108 6.4129411848262 9.49163646670058 12.4472775624599 0.329076658235863 3.7844640982803 147006.965612698
0.01 10.9784670732915 0.932784299366176 7.87060428410769 5.74203063966706 2.00432405574247 4.89626997965388 123163.443137965
0.01 7.36297302064486 11.6174018767197 0.674188260454684 3.50631793029606 4.36014472623356 0.758499295916408 146464.217069267
0.01 6.46269764634781 8.65449451259337 8.95242107799277 12.0825393707491 3.56209124322049 5.62725860858336 191865.212917754
0.01 14.6363009267952 6.61014382028952 12.7882643672638 10.4804770066403 4.91451082401909 0.820813640020788 196368.699302129
0.01 5.80937971011735 14.0777650102973 11.0110762668774 0.757340902928263 1.49611875764094 3.83737147087231 156402.136244878
0.01 14.2687779630069 8.95427532959729 11.0284237016458 0.95309279859066 1.50276107015088 10.2433360135183 161197.930331605
0.01 7.60340410284698 9.49751382227987 2.34228612505831 9.52873478410766 1.00921402336098 2.43124921456911 161378.762754305
0.01 11.9041484431364 6.39563883072697 14.2445846227929 4.14539336808957 6.04745428310707 6.49663463816978 176612.414458737
0.01 10.1746779307723 4.50935382745229 11.0608834878076 0.642555261729285 10.5545663530938 3.23728414135985 162289.281345384
0.01 12.395490417257 6.87993186875246 2.58384428336285 1.72974260291085 1.14251219085418 4.76799555821344 114972.397992696
0.01 6.28223932581022 0.206114180618897 4.56663046265021 4.90519117098302 3.26255862484686 1.70958956703544 163467.324484139
0.01 12.9283359961119 1.8023302895017 13.6666071927175 4.27416820311919 1.0190249606967 8.5194897686597 193116.8515035
0.01 14.4842956156936 13.6318377347197 14.8234323982615 0.887625985778868 4.29169842624106 2.04967210069299 184487.625730341
0.01 9.87278070766479 9.30056370911188 14.1129629791249 1.91415032953955 5.75458616483957 9.25409509800375 170759.785820644
0.01 7.62830598279834 3.49235228262842 13.9233041997068 4.26120706018992 1.83456057915464 1.57705942983739 132890.774697434
0.01 8.15717658377253 6.11240110360086 8.89729012968019 1.94629691541195 3.7275684135966 1.58907947712578 74231.418758963
0.01 9.43160952301696 5.95958753256127 3.74213799135759 8.34385619382374 0.80205021542497 2.91483031469397 131340.168650098
0.01 8.20652703288943 5.63389896182343 1.95016710902564 0.198413806501776 6.98157167877071 2.9825800890103 174522.38387341
0.01 4.10674110869877 14.1305653844029 1.80819623521529 1.72971090185456 3.3456428849604 0.554825115250424 186191.219974508
0.01 2.96013714862056 6.87754944548942 10.1257910532877 6.75428436719812 4.89507319754921 2.28209894732572 187530.298032373
0.01 14.0311010868754 5.36415698938072 10.5015627876855 2.8690142382402 6.31616571103223 4.21124311164021 139167.76140548
0.01 7.81481908634305 9.30840093875304 13.398297362728 3.24557951185852 14.4843315740582 2.46774303261191 189896.406841638
0.01 13.1535866309423 6.72009063418955 10.5836888111662 8.07063978980295 0.779576461063698 3.55665772687644 137868.604993852
0.01 6.52576303342357 7.44116656947881 9.93543718359433 1.37794339447282 12.7750092186034 0.283825333463028 165640.780534869
0.01 3.5334896191489 6.57860446139239 11.2227104790509 0.878054816275835 1.82427244610153 5.96196629921906 176078.623057089
0.01 10.2915561245754 6.59743198310025 12.1378026134335 7.15399719891138 3.4855296195019 3.18275792291388 128331.940722737
0.01 9.42901142640039 10.1866416446865 9.17227988597006 2.52534262603149 3.94475983455777 14.4988211221062 155873.132381275
0.01 7.96372920856811 7.09028190700337 6.47934510488994 6.30338586866856 6.34914818219841 6.38938933610916 157201.030537329
0.01 12.4319396191277 13.9998430840205 11.3823056558613 13.3409075788222 1.39901932678185 1.84433832066134 191771.266134348
0.01 11.8006010097452 8.18230931530707 8.88144324417226 0.41150459786877 2.39443181664683 3.38837407180108 79277.0622611823
0.01 5.5234912969172 10.0559962342959 6.24309527571313 9.79362873011269 4.48939467547461 0.709621243877336 170934.645676623
0.01 10.0552462635096 10.5268577195238 6.12906981026754 4.78523920406587 2.58392614661716 8.39156746747904 119106.593731897
0.01 12.0863375812769 12.1472217177507 2.00381965376437 1.15569403627887 10.5516180710401 2.40429168334231 190048.96426806
0.01 9.91973793134093 9.96681719552726 7.42648573243059 12.8009133122396 0.0879219803027809 8.77268540323712 179115.844109052
0.01 4.64870416559279 12.0700096548535 11.1541609489359 4.26589602255262 9.37766743591055 0.626710325013846 193212.208221955
0.01 10.8953534904867 13.7477091955952 12.3714584251866 4.41914840368554 2.67403450794518 6.50940802646801 152869.961388285
0.01 6.71164274797775 9.52394076506607 8.93223391030915 4.41827833419666 9.49566182331182 2.84369911649264 147115.983252842
0.01 13.3482401934452 2.52879051491618 5.29792880290188 0.787856042152271 2.32568549690768 3.31731111975387 134692.607954746
0.01 2.14739933260716 5.87562601547688 12.4910188489594 2.52947453060187 3.96635935641825 0.762387622380629 171173.986098661
0.01 12.3455899616238 6.05258849565871 8.84041366400197 8.23748502298258 2.80943291843869 1.90936842234805 116592.045810877
0.01 10.4722739872523 11.1935647856444 4.20721441973001 1.47752862190828 1.51622268604115 4.98444578493945 99919.6476211229
0.01 7.46765408897772 2.07675554556772 8.14672708162107 5.4818199807778 7.3706096818205 5.91131926048547 182682.118045776
0.01 10.041951094754 1.76832321449183 8.9639366674237 7.15791966067627 11.1634824424982 1.21459170011804 172488.428350762
0.01 4.37833983334713 4.74927647039294 6.79604738834314 6.02797735249624 7.23288139211945 3.47093130578287 191170.908770626
0.01 7.79899851651862 13.6359256692231 7.90200026705861 1.22904157382436 6.39947192394175 2.78406478464603 128721.394265545
0.01 13.9571261638775 13.8720373820979 6.22748549329117 1.51596720214002 11.7021619342268 2.17032290878706 181041.137805654
0.01 7.08578451653011 4.01812413940206 11.9413431489374 1.00131627288647 8.22413946851157 3.55799078126438 185359.788965248
0.01 8.13192582456395 14.9986076611094 6.64253541268408 6.39365230221301 5.31264693592675 5.3214805398602 174996.900920028
0.01 10.7437351264525 6.45293123787269 10.277266750345 11.8858227529563 4.37310059904121 3.5580753092654 167503.733724913
0.01 8.16575699136592 10.0025643676054 8.62285711336881 1.94633962470107 14.332444856409 5.05317362607457 172052.981232896
0.01 11.4356196555309 9.78951261145994 3.12664427328855 2.10429785423912 2.72025160258636 11.8754693563096 162937.607046925
0.01 14.9331938289106 0.609021533746272 6.09124507172965 0.473614524817094 1.22570244362578 5.13652367284521 163801.431523186
0.01 11.9823848549277 8.93056320841424 14.3758470390458 5.29360250104219 1.88114111311734 6.28909402177669 150807.411757987
0.01 6.37217668583617 4.39480168861337 6.23872685828246 9.15613492601551 2.04384069191292 4.34835194726475 171633.129370549
0.01 13.9327103050891 3.67180664674379 8.11756514827721 6.14437507465482 1.48832888226025 9.28064155974425 165255.010247627
0.01 8.52837139042094 11.4821089699399 7.00227635912597 4.28262241766788 10.3604494105093 0.486422998365015 132559.841457253
0.01 5.89161228155717 6.90451781731099 4.58771396661177 11.0232929745689 2.81626387615688 0.104463163297623 178912.882567588
0.01 13.6350925010629 4.37962788389996 10.3875131160021 4.94546553818509 1.31076527992263 3.04986954317428 116700.323108067
0.01 11.543144560419 12.9417857341468 9.25399301690049 1.68752661324106 4.38524265540764 6.33757989155129 132366.563939891
0.01 8.34953105309978 12.1768416941632 14.649353090208 1.56026352429762 3.13035783357918 4.04105262248777 153008.905557549
0.01 10.4869533155579 1.34319260367192 14.1736165678594 2.03203908051364 1.50031785364263 9.403504463844 175868.184695907
0.01 9.20900544268079 10.111427300144 5.9947560459841 1.52867006021552 0.938114362070337 11.6807236941531 134708.091724907
0.01 6.84352484531701 4.94508431875147 9.90803373511881 0.795437106862664 1.00029289489612 3.41202712501399 116262.582634769
0.01 6.46387147600763 9.39651332446374 10.0121225975454 5.80448203487322 7.71291085286066 0.713364399271086 149188.46757612
0.01 4.71058328985237 10.3181361453608 6.37621377711184 7.00035504531115 4.27329948171973 3.8069367245771 172722.545762995
