0.00920885707436836 9.61164070150526 9.23216364453518 8.04701447231608 3.11086637673591 2.39904760014585 1.50803820393935 30593.6324707266
0.0109707010806641 8.77228209382411 8.45435844885991 7.87180067996196 2.48907986235754 1.87904061178461 1.79989130365212 28976.4749196885
0.0107326750783564 9.01526917466455 7.80463856509288 9.07018886034064 2.88368468801533 1.12904642527445 1.28595954988764 29015.4540802774
0.00833837537018371 9.74606099199682 8.14493501844141 7.14229390518377 3.46402464308873 1.60169367902608 1.62517418798344 24169.5043622852
0.0108404786802397 10.1356291107488 7.44738105851227 8.20065480386677 1.44118988339499 1.70673958837359 1.6449843232943 30962.9941351152
0.0110169626404291 9.4141948452622 8.74309680395035 7.63287296446367 2.17611251231915 1.36008100723159 2.56466707843295 30497.3244645388
0.00772168711773695 9.8920108842265 7.58111563488981 8.4900369950586 2.37683948839343 1.25953354536535 1.66813845920085 21237.9110352424
0.0105532296001878 10.0650896851816 9.22557088975305 8.29610726746508 2.48715132839819 0.771558618437547 2.47903352827897 30206.9719388785
0.00966682426643674 9.66382532679408 9.86026630287957 8.44941607733674 2.96905338792627 1.78082806663142 0.675856434378256 30979.1327690687
0.00818927388690041 10.4883101898731 6.79437097982246 8.07136870158723 2.68679533535677 1.95222872192461 1.17637861881329 20590.6746190906
0.00780533342039075 10.2633556672029 6.84904644030688 8.00004466197687 2.84958122485214 1.06733103336751 1.37554808660986 16897.045121692
0.0107458999771277 10.6323039200842 7.37944307087211 7.9426925527257 1.81923118375189 1.5448517035794 0.33826720764823 29225.4843654036
0.00936705398259012 10.2556885785823 8.5881192446841 7.48221388713364 3.20786529076071 1.29777113556582 2.61332888624558 23948.2333711678
0.0097129398135457 11.1504189584287 7.40890481082152 7.44883072253804 2.35902925476245 2.18415215539844 1.02413300614318 28426.0924285983
0.00952057086068971 9.79004146673749 7.11276481372137 7.53590307162676 1.93583424947771 0.960913022871024 1.46817981039071 27189.4770289988
0.00850694278767197 10.3762153240068 8.52976869163145 8.42678336688514 2.55107201928126 0.525696083200245 1.49816809965497 21776.736262702
0.00923668515683831 9.84571808998242 6.95320354821277 8.00354715327851 2.32638814667229 2.31261621187956 1.59189122125049 29002.3532644927
0.0141211391039846 10.1902935623176 5.28402427980284 8.37570473384633 2.36126650857183 1.25125550905812 1.14748269345956 29155.2356867847
0.0123465384134977 9.68849593869367 8.21182584023435 7.53433842312303 2.18221140828872 1.10095947618316 2.91766005724816 29341.0185258115
0.00848144029285488 9.53520576104182 9.44158397392162 8.25126392849288 2.48119075665 1.89315081429577 1.2622961749557 26985.8382174626
0.013250654536685 10.9568504169861 9.02141644077603 7.72292392236121 2.63354812300738 3.05966387277684 1.43222486528174 31071.8067471867
0.00986946969518898 10.2877581674953 9.76140799525364 7.18052532145018 2.82674171222492 1.02227872400615 0.412452147572969 25513.161284367
0.0105388609889936 9.03636981515305 7.99454016438032 7.48295959793785 2.09910867060961 1.65282603967249 0.904592367940401 25698.4598359079
0.011699776811606 8.68170530530431 8.73332996825922 8.00241150660183 2.29565557607279 1.43880692500769 1.64275469068187 30290.3492964955
0.00937833527625408 10.9924006583503 9.14755852164743 7.68314896286463 2.37998428361064 2.14965452599339 0.794323769017295 27948.780244497
0.0101174250547106 10.7602259429375 7.63452166692488 8.10438385631217 3.87049385166379 1.26198408888023 1.7056652056459 29774.2636989426
0.00857061374462485 10.7871234966677 7.59504367915619 7.99213862604908 3.30769205348343 0.84687020332518 0.952849359774438 22609.8858880264
0.0081837281552867 10.9214862560465 7.12638022386295 8.19491746095587 2.98955947079537 1.37979898709324 1.70367937221886 25590.628978362
0.010036252648342 10.2314161504066 8.97010061074329 9.46872528046173 3.21031961676203 1.63124009008624 0.954600016891698 29616.3894460459
0.0113388977921159 10.1718650030118 8.1824698074501 8.3762343323722 3.03708343520731 0.0677778108120149 1.38471899415023 21531.2801229785
0.00939566657234343 9.5864407146583 9.21881031093347 8.43015125033488 2.72234983133996 0.887029992343242 0.639371923646484 24817.7351450143
0.0109349961274788 10.3229885759242 7.71019033051231 7.46614451328083 4.13410136160712 1.35824191444114 1.60965112859626 27218.3252122433
0.0158666592326023 9.99276052172431 7.88085977398153 7.7885933151834 2.56209245564621 3.39863873524888 2.09355383755805 29490.4068630212
0.00962208412771669 9.9378347884443 9.38374443144651 7.92791496712122 2.50553376453482 2.51468112740649 1.79741716563611 28829.6325224642
0.0117789363099872 10.5272574396305 8.66367705404667 7.1842843654141 2.83176616312408 2.7815487254759 0.31793939701858 30840.1478922754
0.0134676480494264 10.2897947634938 6.83047566125245 7.56468093122486 2.77033108833822 3.26982005991674 0.938328444550097 28637.3225354021
0.0116813261244376 9.50445525740826 7.97220837287595 7.73976387048455 2.96132666486007 3.08709327999736 1.09992924199551 24314.2798016085
0.00984071034350618 11.1515131228057 7.48345109993538 7.42009080555715 2.18365265325368 1.84797670302399 0.663124939697875 30466.0324119538
0.0111695187345981 10.4315300980336 7.53977694568899 9.21666763419165 2.39682143026468 0.507779666847199 1.18557761420069 29973.2546686495
0.0085001658455508 9.73039744672768 7.27391798570834 7.15217814203263 2.82207381011374 2.19918101823081 1.37506515476728 25329.3675818907
0.00968635188837154 9.91588054713997 8.59439796062736 8.51764254069457 3.59515022692739 1.53552200381215 0.500045567392478 27615.3245401917
0.00707169375673787 10.4959085546657 7.59139389803778 7.78821274705543 2.99316733031293 1.48643378115031 0.918307739100528 12579.5644065729
0.00936141508301376 9.82760139259107 6.85555289338527 7.79508464326695 2.89103963183127 2.48397962365847 1.39155669282521 24970.1531154341
0.0130051273603521 10.6829810069598 7.87921881643155 6.17320812773113 2.68622916947449 0.266847237026567 1.20998098384193 30412.9672604592
0.00852413036976993 10.6733058113995 7.7528180134116 7.38278415351021 1.92081214181887 1.82470262088528 1.27319203358079 25756.9448787693
0.00989565256110093 10.2547809965341 8.37016301052248 8.2081382700157 2.32472290446755 0.943073163929568 2.59925619482306 25661.9650443826
0.00783776123445941 10.7786820187086 9.38494228543256 8.33049510631381 2.87810915063881 1.32438740897215 1.75334136751489 25491.8211913663
0.0101560577154913 10.5065655492213 9.09076124872682 8.35566086414667 3.78544007218045 0.906963805138191 1.05882630510133 29623.2386800558
0.0104457337181954 9.70502453410221 7.08748287200314 6.59400367193843 2.54865429011276 0.849521359094497 1.59435771266338 31008.3698515077
0.00975748336095101 9.82021997059761 7.98651159087192 8.18063793325977 1.65049879448096 1.04239750138106 1.38083928464422 24737.2000006736
0.00772863643295143 10.0893652972212 7.18674107660751 8.18611311550648 2.43894557002594 1.90335898216127 1.59768297169765 22279.0489363945
0.00801141437805703 9.68284619723982 7.80216371289729 8.00634526860818 2.50061516868765 2.10432350307785 1.83556677604065 23393.9509932767
0.0107877962701779 9.60187520978038 7.90535989429035 7.55801140788135 1.46656115722155 1.42879408280236 1.34246488843799 26465.2382296706
0.0106480459286737 9.8605600651253 7.26134345743059 6.06369401604377 2.63432623903314 1.57351191838193 0.990437564580129 27127.9337512712
0.00805567045577515 10.2195312629534 8.28090636601036 8.53005739970783 3.37574333941343 1.55139362007886 1.92013284733354 23785.267656994
0.0106781073088109 10.1603574289786 8.07651929184018 6.57215854709352 2.8334437981117 2.72460246258309 1.46951150355931 26342.4656474712
0.0111144219554062 11.124329329809 8.63816872913005 6.98610070418339 2.73252343896407 2.51848941540835 0.8223871720116 30615.5749767845
0.0100556233550949 11.1383766907904 7.10916851064413 7.67452252008465 2.31472739342453 0.845488116134236 0.601413376217696 29000.7446653198
0.00945387450793049 9.5635199402558 7.41639540818875 8.82499344511455 2.58384352076773 1.97497118959852 0.780605362755173 28599.9374145936
0.0104828150567944 9.87948590581003 8.24339901293163 7.84217549872898 3.72734226844844 0.60519665320329 1.24329335904776 21851.6772278983
0.00708183660821658 10.0434175225989 8.99489781765142 7.95240946234304 3.14601400888524 1.53994347534994 1.06581461968416 14616.5857763716
0.00824160958125116 10.6769398057564 7.27038790736182 7.00658396035158 3.07490623261198 1.12152629224133 1.76300840268854 27957.8873021464
0.00916198064588333 11.2993226917689 9.39446164497938 7.60845894450741 2.93865968922339 1.29664022396207 1.88449147036551 28724.1536688891
0.00929950866487089 9.89121739204273 8.14021988382455 6.63285021390985 2.77580566937678 1.56102330854896 2.19213523162225 23599.3653947592
0.00870620794484236 10.7704796620775 8.08555251042249 6.62389520284963 2.96359363598397 1.68123963242947 1.85930195091489 27809.5257257065
0.00988380492005242 10.6118493720339 7.61242457140519 8.14619911188984 3.43741699141972 1.96148977882572 0.353041992503508 29853.2507544445
0.0118342209847105 9.91027159375658 7.67705829949749 6.83409697909932 3.32764614073544 1.47136710609264 0.0388587255815897 29787.8026741874
0.00710035423285188 10.1292340497415 7.48815982845781 7.3304157605149 2.66067943873479 1.78823998615353 1.38559323789476 15187.4206425494
0.0108050279799457 10.1675689074891 7.62973218625168 7.39907996292539 3.33937997047626 1.49191007879595 2.84039776742203 28875.0090768781
0.0083920675157112 10.3230266533695 9.11602920856718 8.70210184560617 3.37826357243549 1.83111645755128 1.26108354311547 28584.2784769366
0.0110418216999788 10.7663573601082 8.57966990659054 8.49519439985409 3.91938726331776 0.993030967365867 1.04562235606312 30840.1079163506
0.0084869828199975 9.9866100829305 7.22481703455232 7.90210738487994 2.01591640614757 1.39814320765391 1.83471691905908 23363.97531473
0.0101770646065707 9.36525521434648 6.92193663993424 8.71564196334547 2.44374266413114 1.05091480645644 1.25172935040076 30067.7445842546
0.00894001008829126 10.4962838808164 7.61920226246399 7.26068158138929 2.13453580650696 2.1882992597524 1.73782380399321 30052.9934599451
0.0160803305567863 8.36797652099542 8.798003914789 7.13754698944537 2.71830725226241 1.28910292917061 1.50502945999212 30678.3878089139
0.00804836257157345 10.8213700205366 9.42060646908345 8.15669161736135 3.0379833593585 1.4577076639201 1.84303560644565 28195.4487287444
0.011424746268909 10.0940983202885 8.03912085120138 8.22175570506049 3.41419909507792 2.92200678112342 0.649718461638022 28930.652600856
0.0123693097395709 11.882566409268 8.20948492601081 7.70483865572971 2.58422666746853 1.91216033352364 0.644984006070886 26626.6387108051
0.0107932175684866 10.0740225369246 10.4518816761899 7.99926476234951 2.5540997225066 1.00247345985514 2.18316013047381 30328.1641958254
0.00965650485235785 10.102638102742 9.31070776327944 8.26385073504828 2.26453083454473 0.606934986270313 1.84732143264712 29076.6923133178
0.0122113627334855 11.5463536603348 8.32571025549533 8.33013599705427 2.77167835124527 0.248414781926376 1.22579991581442 28776.7728131336
0.00989723692281623 10.6474800331191 8.43212279215306 6.2942997567109 3.02059543211051 1.14223675469167 1.89752359003977 30355.1323699382
0.0104697492615129 11.3871481274526 7.26985945214837 7.57774415171928 2.54035784273516 0.977009884675077 0.503151484778696 28122.5409412249
0.00939766429453392 9.31755467336547 8.95047991300582 7.65154014833155 2.35512487973456 2.21737316585167 1.57073074291483 29483.5446502653
0.00900739289224916 10.3562508722779 7.4809792133815 7.39348551629078 2.67362560532024 0.954184101662043 2.40993222998488 23433.3024915984
0.00847483668572569 9.53022320580973 8.29422395334653 8.58081637192339 2.38904036502892 0.976369178877672 1.2391911306968 21567.2153754301
0.0104311418047863 10.4886515022547 8.00441426652407 7.72021240818391 2.52581338143611 2.63259852332731 0.339698509210788 23280.2915333845
0.0101980438854967 10.5919806450169 8.82568359088896 7.34090027204044 1.53043919114598 1.41446947638269 1.54203840818793 30731.6662985152
0.0085200513822514 9.64747091051216 9.0324469011229 7.85753601019573 2.00599544260149 1.38535941369215 1.16981437152602 20721.5740235332
0.00801454223783994 10.0634708807723 7.50479579499279 7.13425306034438 2.7626321584177 2.1680950540902 1.65104642079438 22102.2382902635
0.0126523947598305 8.48376986376665 8.01140378328233 8.46151030000257 2.885392613706 1.35087948410238 1.59841647589687 29077.3024411555
0.00897376021653392 10.7832459763192 7.7918989914952 8.13801381947474 3.6715207117643 1.53551437425125 1.72955895360187 28647.640588234
0.00859599797318702 11.1774869154819 8.9590604994763 8.18981794963997 2.63612368244479 0.73931440419673 1.25547724762625 25132.3286043567
0.0109015597735683 10.4215895268224 8.22803955462849 8.24027263096985 1.37020291529945 1.3520926115812 1.05726658995781 23646.0620445775
0.0118806229569405 10.2715549576872 8.84422685952637 8.59183998056239 3.02445886108038 0.283777135374307 0.409322555247808 29653.7214031968
0.00878758243683263 11.0787975652991 9.90523220599008 7.84015454442693 2.84293259107775 1.02197897931095 1.40160191856942 26328.1073238474
0.00936615972885061 11.3292057633556 7.7379588692009 8.37393030082106 3.25976449161932 1.72338049316784 1.36512842407275 29986.8900913047
0.0109636056826018 11.0944098330573 8.27286612327065 7.11881700461249 3.11010179863102 0.490123338346889 0.5522466250837 30402.8888379931
0.00979355077244455 9.98621448068265 8.81566307940608 9.25252495305013 2.67543555279916 1.73377317099481 0.549218349653285 26726.6524634
0.00885462627338874 10.3944261322701 8.43596186633271 6.86781627746598 3.51077432889349 1.48347660816978 0.760140250722686 24777.1292959214
