0.0103807409965376 10.391237248371 8.48325897598401 7.78584283001814 2.72594045174341 1.38636773226563 1.01415266287754 5660.17078919928
0.00964372595139043 10.116548977583 8.05744216009909 7.76732639282279 2.94191268254078 1.22558881413728 1.11629264101999 4334.60642494755
0.0103587470305493 10.0107198721013 8.43199121214949 7.75649064483381 2.7041324398906 1.11575190710827 1.09440328243649 5242.19324599135
0.00895016649542913 10.1571424651393 8.04020036757317 7.52962605289784 2.78291923397526 1.4548910463339 1.23348394080926 5807.38614784448
0.0101314259285264 10.2316837214919 7.9040365132447 7.83961482196124 2.6927919418305 1.18750042913302 0.844236111982729 6172.35462386881
0.0109670151685063 10.060323635053 8.48845100887596 7.78872271487584 2.75107851440366 1.31928397720955 1.34019881144721 5410.89469016887
0.009199957566805 10.1279706069771 8.2685843786229 7.71094398998433 2.68166448567175 1.27546166018593 0.782309619586223 4835.85588371403
0.00924415589127855 10.3562486888049 8.38691534086312 7.77681329957808 2.76058124859166 1.44169915744995 1.00122674809634 5567.68068743316
0.0103775670056381 10.0315424822786 8.13454355487451 7.56464614993593 2.82512586492793 1.40663315449785 1.25028360580174 6171.36445834142
0.0102683614909605 10.4347205294024 8.2807311638711 7.81936449770754 2.73605334312047 1.18082029491643 0.972406750344959 5919.53512975072
0.00893219954293863 10.0966681462275 8.12640940237424 7.5983862700269 2.58335958414681 1.19052181374032 1.15805463614015 5387.20071211015
0.00984520119732557 10.1194470769634 8.17488290135695 7.97764344562706 2.67959535830191 1.45532118103507 0.934408864933177 5096.00070039161
0.0104408148417187 10.1436939776882 8.11305544933844 7.91812518106251 2.66879530166609 1.42285027096456 0.796707625422905 5330.22583275577
0.00990103499849247 10.0588679827762 8.02926683793854 7.82257814598538 2.82393788287691 1.33025586909635 0.853024909527125 5053.9117968753
0.010434991000198 10.109013839475 7.94171196223125 7.81616264244263 2.8230767854511 1.07624748575181 1.01091109739976 5582.80513352024
0.00907430812847331 10.2234527486102 7.83147603089951 7.76464961674161 2.5833301131652 1.33778344367006 1.22454262596347 5775.38452343968
0.00961878587981948 10.1451626082188 8.23281288349632 7.53300329569281 2.78153269745396 1.09602427576034 1.07899744795786 5135.56202484798
0.00839887051336761 10.2540440715798 7.99734580800811 7.75088473370977 2.69197352621841 1.12147488584491 1.21886734311975 5160.28432653003
0.0114769613234587 10.1820576215187 8.08882404043007 7.80025669231739 2.92333611070701 1.25181504291209 1.41743769256477 6168.08171140045
0.00920090787882882 10.041462760823 8.06124381694755 7.89292467020063 2.61129446775744 1.21049980337722 1.08897378568325 4711.99493007864
0.0100182693253848 10.16248707312 8.3662303871516 7.84779180035643 2.74955144306483 1.24601038439302 0.766017276645202 5443.88993398659
0.00943399554288879 10.3329423864689 8.19033988125362 7.95730971378528 2.68314975116386 1.14316356864542 1.01028210938797 6028.20793003905
0.00841654905007078 10.1320130901372 8.30753957760812 7.70902866218433 2.66626554288161 1.50622645258811 1.12047255905575 4324.97070581259
0.0103888786353229 9.98817088605999 8.12215635929701 7.77439196203697 2.7048380442273 1.18674193922571 0.896778943973993 4503.32911709794
0.0101188893733964 9.9547782941207 8.1332674881112 7.69202369504381 2.78564639584674 1.27879027824048 1.0502735657309 3884.1951511734
0.013038367236009 9.91053059347979 8.154399844602 7.76115961102408 2.64871428781852 1.56927534143846 1.14844735619484 5913.7808546915
0.00841562581130673 10.264248658146 8.38253373233655 7.89473288960217 2.69122066775747 1.19182812588389 1.19117033782828 5797.71588635786
0.00855229769597707 10.2809249785862 7.91794589553198 7.78673651653507 2.72821055188033 1.46901458350935 1.00913277966723 4615.84031132087
0.00980364781412166 10.3045143670741 8.15176259422912 7.70973265785074 2.9425170857271 1.18818033166081 1.01431708190364 6109.312656361
0.00817049863147541 10.2386358793669 8.08071471722893 7.79097200664239 2.56260819036882 1.22331838511468 1.19572163491204 4830.97251106375
0.00986296405984175 10.0654692456441 8.01757322486825 7.92575314780551 2.8251499997028 1.38445075159346 1.25744386624475 5888.95787619575
0.0080637635331223 10.2816511532753 8.22645983022112 7.70555556716676 2.78399197221372 1.25012264263894 0.892869907170646 5067.1307638795
0.0101090270919666 10.0654890476188 7.86272520221442 7.77473998757913 2.6885680444768 1.24558686011429 0.907130283363931 5059.64400870799
0.0088984017532861 10.0884229490104 8.22653463335301 7.57999484566756 2.75445833767684 1.15396620470452 1.03131318136205 4825.20273194625
0.0115528847581489 10.1015722535249 8.08191716621539 7.94511628229035 2.73302827209747 1.64493998686275 1.14806848562236 5463.92076042417
0.00811309738399033 10.2100258285176 8.38512652459726 7.67225915683983 2.80008757741325 1.34818335137522 1.19552777281131 4971.62179431883
0.00859347114306444 10.1246600009462 7.96314773546268 7.87039579244379 2.64631392403509 1.35110649898293 1.29197472694504 5050.16588247687
0.00949245936167685 10.0152254874165 8.01915780002409 7.83421502161317 2.78411226300629 1.1970604569409 1.13986572990311 4518.64705024095
0.00832148985685921 10.3553698207947 8.16811551307707 7.63256295946645 2.70544027867065 1.37954187125263 1.19329415898782 4967.19627904751
0.00922291621735515 10.2363008769894 8.12396904232395 7.86803493956574 2.79910526941204 1.09575844744327 0.919858039519084 5590.32038061325
0.0116191146336207 9.98527650199771 8.14528669728035 7.85787855648392 2.81851954560896 1.55922419140115 1.06440145789001 5402.91387986998
0.00896993289680945 10.2181861720057 8.34181215969523 7.81884818061931 2.82653036728089 1.28242511999392 1.33481435090495 5555.82341818484
0.0149453161773642 10.0684503486359 8.15949362894135 7.8534297675659 3.08358180879692 1.27265992744216 1.10949937317425 6026.57279424182
0.0133169613889106 9.9184463449517 8.13724598818141 7.79472458599787 2.75862645761244 1.06999248699123 1.0104802540368 5264.33734099488
0.00983803581526982 10.1175949753386 8.07604623864674 7.5433357949212 2.70128683397759 1.39061786857326 1.38023393547603 6027.57019179926
0.0109238419703845 10.0376907653329 8.19022731283689 7.71228373495937 2.47886496042585 1.31259500487904 1.00047054237784 5487.44561269193
0.00957421982088031 10.1545669092564 7.78233706907128 7.7608200704946 2.72343589691731 1.34307882452606 1.32408687085017 4695.19394942234
0.0110029455605577 10.1488276627593 7.98097864163107 8.06531199682036 2.74281758430178 1.14157111815748 1.07938471348431 5121.37671168092
0.0117352532480552 9.91751967854494 8.12357634087804 7.67986880073896 2.61652496619963 1.44677256078833 1.03834867535287 5930.7312045885
0.00958180231480141 10.1637069095399 8.30040132623295 8.01132873234475 2.58558476903028 1.24581506701345 1.12883486083264 5630.9919006894
0.00996413484802863 10.2046289644308 8.04668609620006 7.98090072944129 2.78469492417432 1.48052333395452 0.953993604450359 5923.35090547508
0.0086914565545166 10.1888490805883 8.08993437713859 7.94761837536777 2.61979871549975 1.22729690747322 0.997784007143822 4820.56891121016
0.010360576590435 10.149950972872 8.31532792976254 7.76139618187016 2.74152980868162 0.985136415855498 0.917597878421027 5366.30507699612
0.012208642158389 9.90610896504304 7.91322663652004 7.70964773470851 2.68480991360793 1.26100328177227 1.14835479922816 5774.55621307451
0.00971091461098061 10.0911390558028 8.00952631347055 7.74423117208725 2.50744101258407 1.3169080973775 1.00164312514667 4978.20726402007
0.0102097453409275 10.1802623137005 8.56950807991732 7.88052161478169 2.81282437488778 1.30777615092899 0.949303589234387 5960.06315718877
0.00920743073066868 10.2586076338574 8.19372996845727 7.76678358344036 2.58062208133692 1.24930709655438 1.37353609772347 5910.74241654045
0.00957094081495137 10.2368029431513 8.14147915426996 7.80667695413039 2.69088219484637 1.59229656571007 0.924197743567675 5035.5826913571
0.00885724565161943 10.2233639700804 8.23129425802556 7.65796874437621 2.8419804602382 1.2702700612155 0.817978226451085 6060.11229180596
0.0106017308562595 9.98630127528916 8.05715907868185 7.7889915915793 2.6945283008303 1.08977340016983 1.10365251824797 4489.25278459532
0.010717270655625 10.1691669112755 7.7729272270896 7.93711934776245 2.69744827442229 1.17993262838077 1.09628497377084 5413.30954165746
0.00991731893793781 10.1575945126486 8.21450881426484 7.72794804454185 2.53968550105001 1.54742634913228 1.2273297657183 6114.83199452798
0.00986344917577959 10.1469734867204 7.95597950573011 7.43172835163972 2.66072213646485 1.33214316208293 1.18505351095264 5935.79081296034
0.0101338489646016 10.3208695445878 8.13102724412055 7.88965433623654 2.68694193488161 1.59591892883651 1.09635508145496 5450.34551222307
0.00909442513734788 10.3733897152864 8.20135062046727 7.76711136053316 2.65652643796275 1.26353139377562 1.30083219592027 5460.6302880314
0.0103031718348352 10.1419146351081 8.0496952870084 7.85628078772399 2.97838882248345 1.31114596969297 1.10332489517032 4333.11765350215
0.0106998683435278 10.2038134406596 7.77998812545632 7.74368004977811 2.78303867738318 1.13236346846384 0.966367097461767 6176.7902014654
0.0097165864847338 10.1966571828916 7.90186635965203 7.93960591566611 2.84244773051354 1.34505220066768 1.0018653100091 5614.80113288095
0.0132007461404592 10.1116549142875 8.10286815691541 8.20279025148666 2.68447673627914 1.29826597887552 1.14471323324258 5353.66058917456
0.00928876055321621 10.1340057864861 8.01470418027302 7.75121103226613 2.86574984859719 1.13626717528207 1.00243866230194 4878.67072681297
0.0102082397905514 10.0960136080252 8.15411712169507 7.80612704659397 2.52733131788094 1.3744906333172 1.36987038315529 5835.33290213949
0.00880608535044345 10.3309832153829 7.97852145133532 7.86659117907769 2.61824028694649 1.31113036552968 1.04077464915207 5163.71527547905
0.0117446966511981 10.0133427984296 8.12795524438641 7.85862846349524 2.50837319992816 1.31624448490778 0.926175556590504 5919.58584154428
0.0149372656020618 10.0889302279945 8.06612986377576 7.76554038669509 2.72526417961437 1.23633621072703 1.62677515365094 6106.05223828258
0.00882306837416346 10.0512245310919 8.0725076159706 7.718000479273 2.58602925488037 1.43858680010253 1.05716957706183 4802.29940929579
0.0093181751362909 10.0799584803841 8.01603230913499 7.75421477835481 2.88922595718787 1.36587824658588 1.21540822029689 4965.39493526203
0.011500830674829 10.0771395447064 8.37921484455084 7.87160205959839 2.70888714658421 1.60181301313142 1.14799250977263 5976.51794292797
0.0089308293530672 10.2037526793285 7.88329125859969 7.81628956007157 2.68948809867409 1.18065857444963 1.27098944589703 5458.57576971699
0.00881828508579673 10.1732979738435 8.48840242850511 7.72399743104811 2.67870284985526 1.14652824921668 1.13079993316555 5131.85959573753
0.0104390682671607 10.072511722627 8.12491779596716 7.87433875773475 2.7001479722208 1.59972217420384 0.992780346277585 5040.51049554497
0.00870681803453907 10.2908181652001 8.02061691858833 7.64832659274373 2.73810087575982 1.13440778573434 0.998961296957832 5485.67238940302
0.0120734332383908 10.1471830176786 8.05329014638552 7.72902160806748 2.70997411705073 1.07133559627799 0.724220233701623 6075.24148020133
0.0104026954978869 10.1077201550131 8.0076922283022 7.69393902238464 2.46791463031911 1.29808312102023 1.0320288882746 5571.66941368284
0.00939870412777306 10.0874451565843 7.85760174478264 7.66887570766009 2.69694114091838 1.49460972635647 1.21588717672228 6202.05730987367
0.014106483473392 10.0993205352369 7.60237406902788 7.77119436181145 2.7162581768146 1.12556402840257 1.11399267425066 5860.26844460249
0.0101499965150845 10.30136433324 8.10365019552355 8.06467260959643 2.76799449948521 1.32596894636702 1.04502809471351 5037.07815297194
0.0100198950547261 10.1473369369361 7.9383443255748 7.98922691022051 2.58449093833609 1.23654007620629 1.15112265714064 5924.16086585878
0.0102569442146371 10.0223148835805 8.14282308682464 7.80974101379171 2.61398144823513 1.06897893858087 1.12598473354383 5053.3099750821
0.00943024394700204 10.2482100998106 8.12235546940038 7.78492098601873 2.93396835782789 1.49158855459943 1.08704247125196 4894.35371101187
0.00855580724575005 10.3143439558574 8.25371905678424 7.93590821937272 2.68867390746088 1.26966886235921 1.233562935962 5540.30498190592
0.00904830438207515 10.1940414479473 8.33161255978037 7.64468179147973 2.90198926543167 1.25990703330543 1.19097119015968 5987.818884179
0.00908439696843015 10.201949454151 8.08872923164892 7.45264812043088 2.78478606607715 1.33210066429854 1.0105195122646 5076.5141464982
0.010171951985253 10.4150116091732 8.24565038369248 7.8307157083864 2.84838134453339 1.3269382669182 0.961242865810354 6039.12048098538
0.0111257961591361 10.1404386260614 8.07053633925647 8.07279730552878 2.71544985906432 1.44179946442096 0.963874005473279 5254.45042708418
0.00948248070842486 10.1922743401717 8.24314273232825 7.70435506579405 2.90894714304728 1.40760656962838 1.28773315407062 6071.33166656119
0.00953294042325524 10.1798114652777 8.08426776218121 7.93227130781154 2.87824182292687 1.28018967732893 1.27254452891913 5428.4652651126
0.0088172532269355 10.3173076487759 8.16006807331427 7.68977587395969 2.77529215455156 1.22308820086763 1.32822062837806 5590.85286870545
0.00982893743393029 9.9995605353974 8.06073622606935 7.88325657352571 2.69250762877453 1.26791411200924 1.3051288025747 5342.7239136134
0.0084923703055646 10.1663760625903 8.13104040347355 7.7331711839705 2.72611700978425 1.37100439230442 1.39183662370522 3547.46824722351
0.0085288814552488 10.1347613522975 8.2343215188888 7.74360758933714 2.90232778645115 1.3877463749264 0.97346240796725 4500.60541183299
