0.00942661817500635 10.215526035389 8.1621551737738 8.21825071686327 2.84674216908083 0.683576460993621 1.74756911413267 16139.6197246636
0.0116916110452648 10.3822223952571 7.51232159307485 7.90387983696345 3.60066105209499 1.14313408620333 1.01074908123171 19067.4833055017
0.0119208180701497 10.3964360053781 9.14655649124198 7.66464064812993 2.18027498649076 0.955791599728653 1.135610778545 19261.2155146982
0.00952660707215977 9.56277277199398 8.08314252384148 7.62202526410695 2.40147067154426 1.16892332907288 0.981384965149587 13098.9312116013
0.00749120362314297 9.85536636038534 7.99896270689567 7.97459128183126 2.35999358531854 1.35370928688311 1.35548565922469 12101.7466926747
0.00802395168203361 10.7911935564709 7.9714564846679 7.5017767931358 2.55356692147292 1.68437981586204 1.29359639009273 16040.6616763421
0.00992041992175986 9.92252287262104 8.72711627548638 7.9903410872696 2.62075727952951 0.708954173394609 1.05529501852819 14012.6639472267
0.0103523220940757 10.5840920200226 8.11108884442285 7.28486483701775 3.28692636172839 1.12686223235596 0.963572545776742 17316.3566617218
0.00779900879779119 10.6533149472735 8.41039392129039 7.58504583804762 2.79646322929564 1.80520416472016 1.37953991968084 15041.987641069
0.0133249995847843 10.0423983669935 8.1388682144859 7.56197789658542 2.83752747308156 0.184678548579992 1.36576444238794 15489.0958982972
0.0112721205041915 10.5448342172014 8.897724848393 7.3278513978047 2.76568857328733 1.70324315719837 0.631220153204256 19507.5307500685
0.0106700484963442 10.4747109893762 8.06478353459521 7.95071570598463 3.22988441112008 0.609972581260441 0.940289077496111 17530.8560364749
0.0129889239733169 9.56815644385212 7.94819917115768 7.58927091790892 2.95974233478015 0.525935527291353 1.06383815792428 17583.1395637192
0.00908102642565157 10.2360077057889 8.59177230996139 7.18677580639567 2.84305030492334 1.29663782327597 1.6766136042053 14856.2652915232
0.0105851936215672 10.0964701959663 7.44493864698075 8.17730978572336 2.84325884467035 0.979008571539646 0.717535409276318 15329.766522412
0.0110711638689243 10.2658975247302 9.48040656360125 8.01439072626408 2.72995379897117 1.05476024695685 1.03031972791797 14121.6724583096
0.00907468867873466 10.5538716693597 7.52233389666058 7.98195966544277 2.6872631639122 0.994253072229874 0.920153388425169 13840.1661500477
0.0121332570196723 9.81747086230969 8.62732705535593 7.84655663460168 2.53812596715348 1.77933838706089 0.403313677286618 18127.256456794
0.009509404566092 9.93343209116491 8.7088933284106 7.22036655989476 2.57402648289756 1.19312689421713 1.61315582576743 17335.2417341714
0.0103012120229405 9.81497496135097 8.21866957873158 8.26631021668833 3.16220477972353 0.736101783142062 1.12543628906581 17690.2785928036
0.0112157436623106 10.6124000007315 9.40631762579179 7.70999136593551 2.67238227514761 1.25788079532392 1.79894763195131 19596.6115185692
0.0079448041262926 9.84747827279697 8.33458495245405 8.37594967198757 2.52638884231458 1.34669632623051 1.4718446963161 14838.243119009
0.00946454258684948 9.53686928614405 7.43971788581555 8.32232584156058 2.73291845240489 1.65009569313245 1.14994013268768 18243.9400116626
0.0086129584360001 10.2761971700262 7.88010684068331 8.02290546315309 2.51274823469464 1.88332898466202 0.742088462687007 14746.3011872736
0.0128870695579707 9.88912569665139 8.67398831274903 8.43422750051418 2.60183439485918 1.36155434962239 0.393975493620601 18817.9338168558
0.010609190363788 9.70119542105712 8.23824011595849 7.90132602676787 2.28922160654644 0.925154634533244 0.837595102717847 16072.7418141861
0.0126170282426682 10.3842999322511 8.48927468284467 7.82296760027524 2.60391311047749 0.189274269525043 1.32314000541273 17134.9485981052
0.0114441846970876 10.6019334608645 8.00336054101796 7.84082860062774 3.09789279477393 1.33298375890898 0.379103008676459 15621.3771597203
0.0118356985088481 9.4454158902933 8.66812228748281 7.46707749164327 3.0572478090932 1.02561259531709 1.0853167193281 18786.9498504971
0.0100324615796231 10.3687798279683 7.97538490549635 7.81515417218608 3.36655043927387 2.28160796224311 1.11702233965901 18573.797563865
0.0105527417800107 11.2437232819045 8.37259403680826 7.66205263693661 3.11253502086273 1.36023357033739 1.37515461041981 19487.4944526916
0.00959139155548576 9.75956280702508 8.86153559564357 7.67952428524228 3.16354239832107 1.27079146001908 1.28437872577201 15935.2904281208
0.00784754330828288 10.2899016680908 8.29405080152532 8.173768642841 3.00561169906465 1.94404259529317 1.29920025999158 15515.9118137611
0.00976651563571829 9.4894319202661 8.43120012295726 7.46211109104376 2.41035754093208 1.63301682448323 0.991058334198948 17830.0249054188
0.0111330191143194 9.86129950996166 7.8390331024417 8.54056897527601 3.0103680439662 1.07531097316579 0.732480927411886 19166.9434376231
0.0116016294677533 10.116620239337 7.8685651921976 7.13940729978426 3.24418082341869 0.798379606448102 1.27530293800095 19064.6569526045
0.0109747635797648 10.8318929386461 8.27801745433676 6.93969893432762 2.70514715008272 1.29370958780923 1.65491522288472 19296.8264168572
0.00854318060435585 10.4051622713573 8.12726913951175 7.37872266681514 3.05299981364286 1.14539328525571 1.62134487872583 15208.8785010812
0.00907035545845706 10.7108329930797 7.94828786967379 8.10484358894143 3.0920400056041 1.24941799170652 0.837226745879003 15886.3085643886
0.00933074102885079 10.2586062906558 8.38793737129973 8.17041154621976 2.89881850045936 2.12491710700766 0.754250178004367 16977.4956888716
0.00909941619259748 10.2261332930292 7.93858399593761 6.97553949244743 2.71613856293267 2.03647165929618 1.47134037177253 17904.7877847586
0.0079127631655236 10.4259540752847 8.43106113944583 8.01738566901901 3.01984131089042 1.43308882365939 0.966462066072453 11685.8343936399
0.00780858864625542 10.4948415214966 8.24238503032193 8.08100091968272 3.08389392224613 1.78271566454455 1.39343033001766 16638.8857718547
0.00820646427944916 9.79976575178573 8.70070226085379 7.56042515080442 2.50038352553725 1.75635940033356 1.34017815949958 16889.2781083464
0.0117615037790824 10.0591453552133 8.13448743154411 7.1186079723026 2.51367593858718 0.607232505240269 1.32545835153804 16661.5586515748
0.00960216000567896 10.3078331715712 9.16028172708299 8.04276819223848 2.76344232675088 1.25861202230668 1.87294057974652 17230.6216994919
0.00851074650049281 9.94205279191321 8.18610878296549 7.25997196994579 2.96552083788561 1.46542752242907 1.17698191791516 11324.4300222703
0.0112044401612925 10.0818243145217 7.22800158988491 7.14176147619662 2.7017780622373 1.69564749933577 0.719705147293006 18279.6174443977
0.0133407520025476 9.7714871340046 8.31522537562418 7.26589350861397 3.12715047273159 1.43153115862892 0.492299208688098 19289.5333183079
0.0128968829327346 10.4384836559003 8.62612303799708 7.2712650666297 2.9740955854718 1.1058569500234 0.471444336984556 19483.7177567715
0.0103024777976803 10.1962781632354 7.37522845979283 8.06424241799212 3.4245339606649 1.26813589562144 1.47634580156016 19108.9002100666
0.011295611535417 10.1084366918839 6.6889301462057 8.13832195991086 2.31352008993822 1.28154824762233 1.19247616237921 18695.5747829472
0.00953952767242262 10.1804878197044 7.56993851522477 8.04854479554522 2.37963845228505 1.78098834890194 0.674095339303321 17330.0597956342
0.00910712417566083 10.7629733666849 8.44612745436859 7.56967099221789 2.609763927763 2.17038998424802 1.01444377982654 18151.6134700401
0.00799966747290714 9.97503726166389 7.91933137449172 7.43370517953258 2.49921321003104 1.94191665681798 1.07487347758131 13816.0664304004
0.00963913612183639 9.52734340583699 8.82245660206519 8.2696741806696 2.43632392968594 1.21599086786003 1.18964270914797 19403.6823740403
0.00911817776018523 10.524634891137 7.34716061237411 7.97152138482523 3.06859522465056 1.43447085478909 0.926237896262086 16364.7491740112
0.00814459192529766 10.4529711496078 8.17988543647307 7.23315209945752 2.89815415715214 1.73447236531023 1.21576526775821 14070.8933068924
0.0131481959042829 9.94471688671817 8.35262714054116 7.72442005129865 3.04414779617679 1.60834110182147 0.250210599983284 16327.1668793926
0.0100715088509568 10.6985662000448 8.07886004267539 7.12908664313148 2.40595350303942 1.40862534093501 0.900798086807675 17090.2709370109
0.012959444882678 10.0699177584569 8.12720303845047 6.88200159565439 2.79638877165949 0.844250891032569 0.900108674963961 14635.3196280188
0.00851407933496056 10.1085427648773 8.13844975980282 7.93057335390203 3.37244939126918 1.46274140224974 1.43370295917332 12949.6783675358
0.00922143307044319 10.4164296735283 8.02301793922122 8.46994140486042 2.53675713037512 1.04376402523458 1.74043751532778 18746.5278968029
0.0106266250985706 10.0130886254512 8.14304188105801 7.72561721471684 3.55224189882077 1.99405906279774 1.46339358650515 19429.3933480245
0.0103124092091978 10.1125270548111 7.80886968368113 7.13598065681819 2.73866702384924 1.82230203536014 0.663674641408763 15581.5927337454
0.00936411889820814 10.2862077399729 8.40738421264802 6.97104250986586 2.8156660289148 1.55284177437049 1.20843269574419 13790.4559918053
0.00871304166974562 10.1789099926295 8.00935121010613 7.65166297653621 2.5272706784438 0.857096428382734 1.07987864672665 8285.60678977726
0.0105321827143294 10.6637616268071 8.28537720454955 7.98370000936839 3.33787952576113 0.711997702915327 1.04284037526668 19502.5684582709
0.0128703512692309 10.1268062748377 9.65402886186989 7.6915296570422 2.86655179572344 1.81833982227747 0.895565103221065 17659.4941208629
0.00880099853432226 9.80440498803853 8.51473330343664 7.33737275894679 2.73104965895215 2.10000047408423 1.30543552105571 17431.7535873833
0.00776059201759592 9.710322988846 7.81609157331831 8.05582323581607 2.55103423375398 1.65992402893157 1.67200725945863 18074.6889109145
0.00795066478274917 9.98239675600443 8.30377726847965 7.6727299299676 3.10576556513863 1.87136895594841 1.25908435949492 13596.1969334604
0.010656026104516 10.8842006971205 7.62192933012853 7.70631929269889 2.56184922109708 0.785700617191436 0.93916978647365 18078.7426322768
0.00910049706278154 9.78333445305794 7.37980005007923 8.13757206999098 2.42654070126077 1.55149788451531 0.957136678238332 17867.5048767565
0.00973277856242833 11.0212130437478 8.14286733025479 7.83448979426488 2.78671387312097 0.862172521411361 1.47573719147285 15861.6086793514
0.0109680083297122 10.1679765399358 6.88641020630054 7.54045865068413 2.40169989586204 1.71449888297878 0.803064165032746 19525.7842465651
0.0128423612691816 10.3065753395662 6.43895013885613 7.72937848730928 2.89316456860035 1.82090249966033 1.02308882545209 19274.3795579065
0.00774970848611694 9.96320637487429 8.33036905726732 8.2981561955275 2.66420551305824 1.48357516440256 1.090284115216 9530.3914786575
0.010634061366018 10.0826689888076 8.43737026058672 7.85983094718369 2.5165935983933 2.78046037234506 1.30133270963736 18913.1619887826
0.00898509870915459 10.5920320112719 8.56463864251457 7.55582583242625 3.01107468468696 1.36638868714519 1.85025075118713 18373.0179943452
0.0111097296553467 9.82030697429257 8.23739683028833 8.02949886292155 2.72386635136688 0.659946539625467 0.766120880122766 13711.4424249408
0.0121709190627564 10.2795408408475 7.95573179355904 7.86844524559511 3.55365255337053 0.623442411584668 1.15064712554465 18536.4395193645
0.0110183920324442 9.81761590347309 9.59798154767437 7.85827372369737 2.69762345504555 1.5067615511431 1.45396895089826 17827.6767586185
0.00782442076600312 10.7398172994283 8.04381654837089 7.79724454005201 2.74290668007242 1.17626566100352 1.3263627261156 9410.23732448943
0.00840942381919848 9.48977667121907 7.85959700350273 7.76759102685599 2.68880746530071 1.23522036653699 1.41092343735726 11835.8684038308
0.0085926478907333 10.775391088126 7.59435690468238 7.9512297724774 2.4220489045186 1.40756302651492 1.53197543626843 18596.1659615877
0.00900907140715381 10.2508623679074 7.74334036657016 7.03511186263269 2.57600370686323 1.31922540428396 1.2496109228717 13024.5144881382
0.0107335072483536 10.6200775125035 8.83985666327369 7.65230684348642 2.85370610467971 0.605866428163337 1.22423046963741 18080.4205231468
0.0101646897984625 10.8638522233145 8.03921727348643 7.20415227703519 2.96213243418015 1.41020990733683 0.832918884407748 17689.4324730613
0.00782318867424498 10.575586083635 7.88116855848775 7.87164833714725 2.34402902700677 1.83991705525263 1.33156264708878 17014.9503471443
0.010121922138376 10.0523673709657 7.98409261571514 8.12590643951861 3.24860300978556 2.23265479177769 0.89835712399715 19627.4159903653
0.00862696730946783 10.8100269299857 8.59493799703179 7.74631293000276 2.48617960166406 1.76809815289897 1.42173417579523 18312.550870634
0.00956968987533006 10.5046568341685 8.9964420450916 8.48444041207272 2.66875750257977 1.18147141826848 1.24780772124529 17795.9305311628
0.00934065719364561 10.4910072986804 8.21613138357519 8.41554821723497 3.36942797189088 1.27008533511992 1.2827388900152 18245.7903275429
0.00944145707085843 10.0231305380266 7.70231636149833 7.53735468551433 2.46821380507171 1.11685991555637 0.822026749503465 12783.0082173037
0.00879346342504295 9.57953154704374 7.89192902090369 8.16795656367228 2.20029671815157 1.58128866163562 1.20872992352305 19611.1368823974
0.00932103417053147 10.6841361069569 7.86865140921484 7.91137376487417 2.80220103185881 0.767531901485127 1.65780152119791 17589.9488712862
0.00878452670136833 10.8577021684376 7.49210069176365 7.69406673958916 2.74619762932132 1.98466980736256 1.17957067313994 17715.3790739096
0.00999086668030891 10.1238131820785 9.2017512870962 8.5533662287206 2.8117179391063 1.57827585003092 1.23567761100488 17862.6104961144
0.0109090442880905 10.5206887186841 8.15757518398181 8.55392164770618 2.64307537029384 1.63213196762481 0.59613663459339 17634.3377915946
