0.00911421033583033 10.0903602294787 8.10647398489345 7.95237562933789 2.67935461745777 1.17625162359789 1.04690458008791 4278.07194725033
0.00935388242792468 10.0040346642833 7.96597478136799 7.82225957690005 2.62530472055629 1.31936577259533 1.10172617825745 4234.20283291891
0.0131942116778983 10.1470339442349 7.9620702084375 7.54001229029088 2.70883115360134 1.2596042525395 1.08068833342775 3963.97950926732
0.008792845434375 10.1809797616571 8.18131174253286 7.83432810216347 2.65405224019632 1.31816418463923 0.90477342510086 3345.91703437097
0.00968010475785714 10.2565097366321 8.2548550944854 7.90440037390842 2.6953937734972 1.33164227897476 0.981677376781899 4146.94464393413
0.00961747561825131 10.1087402540946 8.08018196977262 7.8658819069051 2.74910311107061 1.28847686057508 1.3446381661611 4009.38433214156
0.00920493692098873 10.1194806539736 8.34578803674717 7.75598813150685 2.77706825242395 1.2889714525102 1.10957075821748 2680.22948463657
0.00811400180107467 10.1020917386147 8.10538141490994 7.73508013287695 2.66913978616449 1.42600967546673 1.17713467424917 3377.94203942206
0.0107236564975791 10.1487135525267 8.2114573026561 7.86494328946176 2.91126448621317 1.38476688037328 1.13318129019512 4190.53898272962
0.0117645852186699 10.12699948794 8.13532933617282 7.6233107700998 2.7043702427813 1.27205195998852 0.860600353363131 4024.71433119988
0.00798876304574217 10.1874132734986 8.15006510399929 7.80520141669682 2.81762796744776 1.19747034611627 1.17830478155707 3270.50477550616
0.012299520139441 10.3811449060276 8.16072251732995 7.79970012651789 2.68974220436368 1.23350710909834 1.13838900149248 3918.1800480968
0.0102593424507493 10.0673506262647 8.11231948069849 7.69279877906657 2.79408153734713 1.47094266504968 1.04285185980729 4095.02755485788
0.00816448370520395 10.04570042974 8.12324304474362 7.7368351668045 2.63708444948388 1.31070087216334 1.00651414627503 3193.79681443916
0.00895993393189185 10.0895628709911 8.20535249372859 7.68206477426948 2.82358280216986 1.34530692176397 1.05641373718659 3376.64964947652
0.00877505330065146 10.1240411064215 7.96350749563847 7.75656044668773 2.85975237852444 1.28351512509583 1.14005900423214 3745.15280290399
0.00783172721807053 10.2576303409921 8.1550075010691 7.7579327560506 2.74238080239382 1.22547824440515 1.05721737517542 2354.43540436967
0.0105989478678314 10.2420070825629 7.9593502343709 7.71638817684238 2.74006396149937 1.28258929084049 0.907505870395717 4393.84215517113
0.0105152174316236 10.0561287739923 8.08475954967627 7.68058660234388 2.72052136378474 1.08126200550691 1.11361087661823 4271.46985693224
0.0085966339353706 10.1923863938582 8.20857313300034 7.70012097613687 2.79842693719317 1.39644317788528 1.07860832044923 3025.24284458693
0.0162401092076259 10.0759205872894 8.18351731350832 8.10302244960243 2.7322837771002 1.29676988718034 1.1465920986802 4364.24704717089
0.00886569769018918 10.0127698199669 8.03120470936459 7.74472565409008 2.72679301240608 1.18196123450466 1.17257281832381 4054.52636709789
0.00851189078583491 10.1238416798053 8.17296033999574 7.81858641695382 2.62901169173704 1.42003726118107 1.18038020126023 3492.79486311683
0.0090960806854943 10.0059114205054 8.02322644198684 7.78107499269181 2.62946467268711 1.29750963255691 1.19187694478745 4233.17452585509
0.0103736919662139 10.2559239579792 8.2329218169312 7.79026302302448 2.60386451471239 1.36624593163213 1.17671539008519 4215.03052803826
0.0101572107867025 10.2306919045028 8.15284896942338 7.72714625692247 2.8183807350386 1.10804652507968 1.11901610402157 4175.79900346785
0.00936924454512988 10.1055118992951 7.97435164275078 7.81472529235537 2.73201085743057 1.08026354404682 1.02790132050409 4185.86430684635
0.00946672259591617 10.0161917008025 8.10374998965719 7.88465179965534 2.72351002695639 1.18427877043678 1.19275285279019 4349.16879274814
0.0104151634527715 10.2019660708118 7.97168220824899 7.74188071148657 2.69725923339576 1.07705931125804 1.09349006186161 4218.84834206718
0.0105141714829703 10.0418362915796 8.19952065405412 7.7782080983444 2.7762044045889 1.22917920309959 0.863611920917131 4357.13347002223
0.0103748128652405 10.021841169782 8.20902093818453 7.9516982931745 2.6951375348167 1.33102968539151 1.09062660922987 3646.57106887264
0.0115155913623252 10.0004756433269 8.16567057072517 7.79714685932346 2.70475203910937 1.4800972849418 0.949056615243323 4392.98991092139
0.00889129817773354 10.1596961376842 8.26727231373086 7.77674551855232 2.61273288300573 1.28609148546567 1.14026408915068 2858.27928347382
0.0106064269440852 9.98581343414462 8.10236012711484 7.65020786760604 2.73317065645758 1.18482782782524 1.07675869561823 4090.88967131092
0.00763751701280312 10.0933453520215 8.23236133015856 7.75051745562448 2.73366904604673 1.24145069810455 1.14124737559051 2385.05810594538
0.00702112382887779 10.1372205728076 7.98403410326676 7.80929763057443 2.71812072259965 1.24661095196484 1.15597716184732 2595.82994358337
0.0159880502647646 10.1608837662356 8.12727813633247 7.77179553273212 2.74347887438781 1.61321929622442 0.909142487253275 4267.64662211952
0.00841361597325897 10.1011774380514 8.10175978290056 7.80123249830341 2.77597342242735 1.11528541199884 1.0007592942245 3735.16988317857
0.013091204917553 10.124423537588 8.44711346507689 7.80332094583086 2.80691891203524 1.32529922457448 1.15139495097656 3865.25817527416
0.00982425127944842 10.0224770410718 8.147194566388 7.7069643471311 2.65265408419793 1.32396451507579 0.9346989073586 4002.51772598223
0.0132704521833503 10.0601444400188 8.14866997187209 7.77056219307988 2.9719277877227 1.23346272223469 1.08313910675347 4382.71598480588
0.00743784803658615 10.0624167326271 8.07984871040348 7.81772371205241 2.69373973666303 1.23430797043353 1.18744843107157 3387.69684637407
0.0101900543636939 10.117177013509 8.11029876272203 7.67565105776254 2.79420437563918 1.29770646254729 0.876251960397049 3968.18778555758
0.00735410694352754 10.1464182518066 8.06731142271814 7.88846513304239 2.7917244510797 1.26942495113031 1.02117383146931 3064.71405202219
0.0098885640969597 10.1832535155439 8.22139655998286 7.70024701167058 2.75532854597992 1.28487549637506 0.875556955895931 3692.73085190981
0.0109084643140235 10.1362892244675 8.17557384493729 7.97599486195222 2.74717618407078 1.17105901685014 1.20683987314696 4306.87377742534
0.0117084559668869 10.228447959573 8.22779479069963 7.77770061239896 2.65482133983522 1.52566277284723 1.14145279485427 4251.61126022147
0.0117563122704058 10.1275661166812 8.21548818355335 7.67735477385603 2.54177252022832 1.26988216984545 1.04595021762357 4357.87385642837
0.0124971142276656 10.3316758764996 8.25037161363618 7.6640532981553 2.69029341686429 1.29606510725211 1.05397831048504 4203.42551096606
0.0107458173324999 10.0280310378982 8.23139116505588 7.74836814281035 2.73061209667104 1.43272389329994 0.952782701609286 4005.5639380522
0.00957239667465098 9.99897405935689 8.25394270986746 7.81935252912394 2.68890403715905 1.31712303389296 1.1244991786702 3235.69125087742
0.00949611518982057 10.2637854556781 8.3171719190261 7.82947987173323 2.7604024419742 1.23628474240097 1.07573120829564 3666.50412439041
0.0106940181382216 10.2087521715292 8.2642729118832 7.69906285788842 2.70125753889788 1.29665723443354 1.31837251427044 4274.25393229112
0.00909526513295863 10.1026556493835 8.10271513675467 7.70977555863555 2.58489632778607 1.3258616164791 1.20143906330336 3970.20660908523
0.0107257671496641 10.3210468459312 8.13579344607942 7.81887353140364 2.7708686549008 1.43704359040564 1.04041307947739 3853.49993562192
0.0108881318666152 10.1657973577401 8.25196480208277 7.59791828274683 2.80003951485952 1.22732308679218 1.04838207057394 4209.30218887558
0.00914472804226726 10.2495912632 8.07122289666969 7.70176007129028 2.71892054081257 1.31558946131959 1.25846383152208 3562.30559736227
0.00934376607173661 10.2708083277753 8.18155471035932 7.87054322791737 2.71596341640345 1.18587903296635 0.976298467266698 4195.5148539405
0.0120787085419603 10.1186854607687 8.23389130835422 7.58522799829199 2.73465859893911 1.3433771521124 0.965744357267508 3805.73634624496
0.0104935007954935 10.0230423604633 8.30870456348066 7.79970150297416 2.69195368704904 1.21342224137859 1.15158370138114 4130.14093073332
0.00822056217430183 10.1865963228394 7.9550922015676 7.82221435071913 2.7551703953727 1.24857135092794 0.949123968302212 3846.5988302762
0.0082431697796637 10.2107131727374 8.17667170410166 7.73602507699919 2.75723914651047 1.18800988387269 1.19625015171705 3334.48977984505
0.00994655034471521 10.1241276505656 8.08509921835249 7.69667943014987 2.71636925913562 1.06804415940848 1.03721603614258 3837.67758423969
0.00835379139960126 10.1613599329614 8.1034553390034 7.86061177700769 2.5904856695556 1.36255308589396 1.10282843987375 3186.55207988639
0.013032617434208 10.1755501119631 8.15982043127302 7.67470908794422 2.73588627971844 1.55532333266123 1.02350283561444 3764.76762028807
0.00747109136655042 10.2205252290488 8.06962677127581 7.83295673539268 2.77896408476934 1.23505180280933 1.16084948613249 3390.23746833181
0.00881591828213195 10.0276682796364 8.01662557693507 7.85275462059121 2.7429870055232 1.14652904149505 1.0691770640523 4243.00151226967
0.0102346556799691 10.0736449526735 8.13154888629467 7.73787599900022 2.74958784264336 1.13824919906252 1.27782376912147 4303.7101050873
0.00961953514261927 10.1066709100773 7.90232012874973 7.76876213379083 2.84756754221855 1.21586472679744 1.09051390578703 4204.12988683963
0.00895200220502003 10.0187036875713 8.15212756860973 7.82200875862066 2.72430478615949 1.44410941179212 1.11377692382224 2947.80373699525
0.011626429559606 10.0971321454877 8.36184171013356 7.67239495335849 2.65601146048838 1.29684477526891 1.12283917895112 4034.27411242757
0.00991488646777965 10.0837584978855 8.07752068902677 7.83338073217233 2.71354861974857 1.5382169299954 1.11555382386739 3710.76356507294
0.0114408862664084 10.0836918145056 8.20946169798526 7.77128591895032 2.74966117296082 1.23031582824463 1.37585676051003 4279.21812318328
0.0092893596293168 10.157029561469 8.09302988283494 7.95733088512083 2.61316635365408 1.29487048337937 1.16379314008766 4014.38553301089
0.00969744084016541 10.0591547683634 8.15944014022003 7.96051574971542 2.76158768306553 1.21556238362458 1.09033997591392 3681.05086590346
0.00899945625377618 10.195298891283 7.89783463994963 7.73720951394073 2.68112282448058 1.30452812731483 1.0424621300241 3339.07275957839
0.0128991171923452 10.0234195760055 8.3542335661434 7.7811449483218 2.77168323603825 1.43883236334652 1.0647703003317 4212.29184580566
0.00960418007242866 10.1085712978295 8.07398945927097 7.96200037219228 2.82623154117197 1.37506436254961 1.12294101837295 4309.46939392858
0.00831971982071764 10.1435889841628 8.24431991692264 7.8683867481874 2.6852816542573 1.19792569419463 1.03255057664435 3308.97293194985
0.00880387464764285 10.1574321887333 8.19655808096948 7.71184926297584 2.65505753012205 1.1730350462776 1.00432914346291 3606.96576071974
0.0114376843767837 10.1540741561337 8.09061506878775 7.57345966740877 2.69627485877683 1.16657392658645 1.12615262451243 4016.08672782554
0.00853006027668923 10.0900230221958 7.94313948449186 7.7363284861714 2.63365388806891 1.31905373363424 1.15760332137529 3913.9222080355
0.00882996312070898 10.1195714211637 8.07605319725542 7.86606949292553 2.80448515247279 1.46721912785912 1.11947500127857 3826.1594902718
0.0127829130192675 10.0539722097195 8.3864830672944 7.87524562856381 2.7348138327262 1.36802773808871 1.16320185199697 4371.66272047709
0.00966919774121204 10.2380831043593 8.17796714509968 7.67413237469992 2.68250574917694 1.38256586196198 1.02286369892524 3542.19200010742
0.0120720705583318 10.1162589311181 8.41986930947706 7.85711081650352 2.70113686505576 1.2544864731515 1.0390516523329 3898.2264710688
0.00929774533004431 10.1793297150976 8.08851917036019 7.71493693234851 2.89445956473483 1.3001441368959 1.16658890437626 3819.12551016631
0.00989749443555559 10.0339929534617 8.13591065045701 7.7770549641952 2.80702409996498 1.33681761812101 1.29173808719976 3870.23732256432
0.0111315517082283 9.9991591784483 8.30965600451861 7.83553060012046 2.7147739800424 1.23224632984769 1.12837131554173 4073.67554032486
0.00903666705418197 10.2039536143283 8.11679057926642 7.87347749089251 2.67409163168609 1.11563555405626 1.09836716626514 3796.81645578532
0.00794866745173039 10.0860176461852 8.06922776084554 7.75484306542702 2.64385515235815 1.21504976063836 1.19692849789696 3915.80501687483
0.0135272550680159 10.2948216637144 8.17509278399896 7.57521003888406 2.72779238270518 1.22113420898407 1.10187301096763 4164.89418072351
0.00665892112755882 10.165143035407 8.10007105370265 7.80847381959331 2.7753398085661 1.3229038156848 1.10263074521772 1421.3368437246
0.0102061308416541 10.1341123120377 8.33081185263701 7.66536843814714 2.69151310583713 1.26448421884799 1.14380219156607 3567.28410741681
0.0102799204834869 10.0660206902001 8.21195383232783 7.68281809854248 2.69620795277801 1.47418771553198 1.10032543231983 3802.98702613401
0.00812810064753585 10.1867399731631 8.15160481541153 7.85046940073391 2.69766456768924 1.14040875155168 1.11278843005881 2939.90330398827
0.0100775137061415 10.3012850382191 8.13745279219955 7.727675072395 2.64916543192914 1.2961407456312 1.02441200443749 3459.72370017242
0.0123009777867369 10.185545909932 8.44845334220948 7.78982966309958 2.74612373176079 1.35973316923767 1.06010464073519 3150.40203018849
0.00790491030757819 10.1275399865253 7.97584132247954 7.79010599245228 2.80505486660845 1.32726963062489 1.19339803073319 3208.70772651048
0.00958401351863874 10.1704025227008 7.97673829257524 7.96898962627261 2.7326410378596 1.29843112194002 1.2135277890635 4065.38644166924
