0.00869540376319141 11.6703517936798 10.5848425387286 10.56981637917 3.83555506806918 7.80278325030124 2.11224920237727 122821.839125681
0.011880277965192 10.0412837168005 13.6917888084102 3.91302239115946 4.31278303583346 4.01961206740791 1.66611392347589 112422.099911119
0.0113681467731507 11.2707297998942 13.8397411611488 8.72752033455129 2.2023983516662 2.80658110620362 2.81372666990068 85485.2953798989
0.0102504616003113 11.8859962867949 6.21122100148035 14.3601735486762 4.38406972086522 1.605252873498 3.04699759761739 120558.043539317
0.00719980761594841 10.0732104500701 9.00941472026675 4.42903870919099 3.20626594449041 7.06123174423822 2.94653308846815 99023.070283281
0.00776931405729662 12.2390442607073 7.65987030853647 6.29522435879966 4.46370635061963 6.3570854159693 6.02680601947671 130842.529964137
0.00833936058515995 9.44675402577295 4.48841266683438 6.46654053362226 1.22839056751631 2.29447146143608 5.52176250680837 101753.0419839
0.00634134351278805 10.0459300394321 8.52268281435457 8.07795956427303 5.34130858861143 2.18893753490783 3.34458348875469 58937.9006696334
0.00771819280185919 8.93474547313214 9.63238824961201 10.1271357715489 0.382667298001535 4.45884070930534 5.93263575764007 131876.631343356
0.0110808050982842 12.9929692317283 2.33496633683053 8.57579778078026 1.12462666357842 5.03698729784689 3.51492242472903 136672.815431545
0.0186486056526787 10.5346571287859 10.9708170715987 0.000837467323435259 3.68292385941691 0.235049883022766 4.17030284795901 132504.519670526
0.00763258415771406 11.0623079690411 7.99392284405634 10.2429650796619 4.9381022120713 8.96249397350809 4.25347279527939 136846.916387619
0.0143419818657262 1.85746952293575 8.81372332549111 9.22453566991854 1.46008057380781 2.369301870744 1.64328707811795 138882.834224546
0.00922455246271304 8.71812881154527 13.3620976771946 10.5355148461118 4.19940896014723 4.6064166851571 1.97984083181912 119209.900143141
0.00700827484964401 10.9145416205006 9.27487028359503 5.8245765989375 2.48395227718559 6.22808303588264 3.63114010612089 91593.5274051814
0.0108908097515978 11.1148802753659 7.21352406642922 5.72593710783545 4.77904590367028 0.215569149497375 8.78487479898422 123160.718141822
0.0164926299379164 7.2076957626214 13.3053640481772 5.4954092455993 2.916274439586 0.0899404659299137 0.211440377975148 100506.841560842
0.00943847187402616 9.65928108488725 5.36476125333254 14.2845313288017 2.47000063672362 3.07065391104483 2.5971493732359 107056.839436982
0.00852581937477974 7.09581191725103 11.5215819513164 7.47953921362832 3.35841179962369 1.61894746558989 6.00817499647019 102358.616335652
0.00829652062671062 10.4680176793872 10.53410861528 9.33595841090929 5.42463923433746 6.56761381745791 0.645274709441676 104331.364772619
0.00854113116348423 4.80647651941629 7.36669875213965 9.66216968670476 5.7186548305399 1.8172400204837 1.49163954491578 117178.277903065
0.00902787034719903 7.41093789879957 8.99162573709587 8.75908349744724 10.006968440011 0.978969044812569 3.90705841242719 137319.232379671
0.00996147524000401 5.9962333771659 2.61216042081958 9.16631963552194 2.46089339197276 2.40234887485245 1.56355663374298 106198.986458355
0.00764258944734749 10.7510264920078 9.53374831169373 5.79038699641993 5.77346580015975 8.14352408805131 2.81870322911846 129426.321091052
0.0066891003290712 8.35952840450764 6.78472436835895 5.64706684676743 5.04661088202595 3.10068004522432 1.74119128240528 89125.3824610645
0.0166973933233482 9.61390219758769 9.39733091321525 7.17085676458193 3.68056033455195 1.46867710844805 13.0573399340153 120960.84830607
0.00865367624638051 7.90972871687499 12.2731361529865 7.59500100667879 5.33985752320905 2.74098293789638 7.02405234429311 135171.224173151
0.00926565810522983 11.6552892699053 10.956877570676 4.96898223293578 5.97182603385004 4.11142202228207 2.05580897825004 119847.928150838
0.00788695968269526 6.90819024572521 11.9354600310129 7.42478860300615 2.05110462171483 4.21765503267815 4.05915955771882 113432.8283853
0.00627274006376206 9.78257854007931 4.90172260305145 9.92487778171832 5.43177732278093 3.82975582298025 5.12503905869429 123279.305475744
0.00702771011277389 10.1128365369712 7.90763578694424 12.9361368913425 4.49552531324002 3.61995831749605 4.16173995298934 107804.006867477
0.00764909825842921 9.44293493526355 3.60810169571664 7.57890611425591 2.12214889163154 2.79805129155415 2.88952881777356 70793.4558444803
0.00801364455623746 7.53758788830799 3.30950304354122 8.46363534819896 6.13614534787479 1.64468403615522 5.69597423499952 138028.929157825
0.0154076429498617 10.0593827444469 7.71336995476351 9.52846935855368 1.19273720069928 1.12923450649406 12.0004617203218 121412.947560891
0.0107555466565852 14.0240468149722 10.3677305430025 7.35538467112834 6.87956143312146 4.21694344262285 3.21964711838201 134006.21745224
0.0137695354867681 6.03909827847578 2.05330815449018 9.42890284863266 0.57230768662 1.32976712371311 1.21385172532782 123276.194324775
0.00880458354334277 12.556672582521 6.02651268026815 9.14798532807042 7.31890660471141 5.3395202013621 1.34724302572249 127632.370039771
0.0110859328214329 11.941155550548 6.84212398555261 8.03529912294694 4.04425069452856 10.5924854170557 0.367474576748669 115739.881638705
0.00926396657156874 13.3865809158214 9.91433475303544 8.81153541851945 4.23389151043181 2.16131731610834 6.48530090029139 113709.371990885
0.0117006978488346 11.4257352541826 6.04743704905466 6.48180276538488 0.954223597934075 10.089307553186 0.30214348170793 128920.26007986
0.0085537891051283 10.0491143434481 6.42196382625834 8.33050905371432 3.11868353060178 10.4581857756979 5.5105859197945 123389.704395962
0.00725277583600339 10.4904944601058 9.03126143245597 11.7432915536172 3.43141592170585 6.6526962124919 5.81978121901716 128457.967163218
0.00889674244151202 9.37358337547415 7.49085304437071 12.4670791575811 2.1587146895683 5.44386605883285 0.53519806838041 94756.7594449523
0.00725883702077477 8.55321441294013 4.49800262563468 7.27683310571059 2.28496902845161 6.13022664605221 1.77581032445198 90952.8836736623
0.00618141928626305 8.9531395037447 8.3262926791391 7.93359893368586 5.5902880361469 2.82090868343773 5.93251881427156 94436.0178024503
0.0133849317712533 3.17671933263509 11.4444181472867 9.84892074968661 2.21269856433576 3.03254876045423 0.674144186141464 138313.358608737
0.0199472661341401 12.9728516460116 13.5888977873405 14.1231514062228 2.81949999948674 1.6585198255111 1.58141430236866 121026.375775648
0.00758316403132929 8.05123458277513 6.30049079229135 10.4579049924488 0.373979466842373 6.19992835714194 3.11329067821486 137390.054774706
0.0117756373787464 10.509644280703 8.16661366361572 12.6871750199862 2.03223139653747 0.286566354248704 0.97221205297198 62946.9256799062
0.0154914629148281 13.8407691140547 14.421974487814 8.00160561117364 3.81978333759377 2.85238944344721 6.09049380655204 136239.639841523
0.00642026227217359 9.04936424023728 9.76841793432968 7.51607598169907 4.75613873227398 3.63871381091146 6.23327909061391 103594.57161725
0.0111873867035952 10.4975316221593 9.07218923641384 3.70827422653766 1.31790969308607 3.66175694612302 8.29482372756165 135052.873142288
0.00868850070440716 12.156575134133 7.47049125519946 9.74250684973466 4.65859373316846 5.96820241104333 0.470886081128676 101121.574775348
0.00958843592011232 12.7131901090695 9.08340257326051 10.9606610792914 3.2394668294891 3.21524011295001 8.46879155299008 133689.09037199
0.0127763202015823 5.32276747333761 3.37748007239108 5.70420432158746 2.91995893135231 1.03748252613718 0.167898739212182 111076.591025769
0.0161015706060134 12.5140827260227 7.91213046248565 0.398591380916267 3.30675422692001 4.22658567214527 0.327954391974998 121904.079436704
0.00896358886009953 12.2449289297559 10.9097413582122 11.8245548009866 3.83333466045119 2.98105120155716 6.2631677429113 136702.103312754
0.0109854149775639 11.1759899402442 1.6472671161107 7.68475308274221 6.5910559790626 6.69125687487309 1.16215715303822 135012.937225939
0.0089795775347594 12.5039844862925 5.25601691463083 4.1860894821582 4.49294110056942 3.46898478025477 3.14736251744453 123229.691328813
0.0119182306194397 11.8010448646358 11.9738169207456 9.24448248099422 7.25278764325407 1.05023463865126 1.65184018702273 105222.779074054
0.00884176773102592 9.40409709166032 11.8503004459013 7.70964870459976 7.531735478729 7.46409992418332 2.19092804344599 136067.230176513
0.00944422646749807 4.3270411547983 9.37464229880209 5.06535442134698 4.13898627845021 3.15676611941585 1.70395640891868 128780.64445287
0.0121811538355954 9.15681710813898 11.1774088345656 2.5339267904573 4.68622780628541 1.52855212648192 1.16097527097403 97887.4885285564
0.0143151444309257 14.6261967375219 12.3106527222207 6.47821405986756 2.2672891235039 5.20589702474033 2.76502873012035 124143.635221009
0.00706618340266243 8.72077708106916 4.9959622289195 5.78333855243396 4.35917656774042 1.68986913203233 4.05448830125308 95654.4947083756
0.00875340374903264 11.668015937845 9.59928728345045 6.55136406896833 1.2711096702524 3.967354375871 7.00627759935864 117468.722971446
0.00823076525521562 12.7657114645748 6.15692196749451 8.90516729263548 1.61846980197577 3.84642838635218 5.85627828325785 115602.498129807
0.00734135168962278 10.4747586945895 6.12005888378142 7.43454963418022 1.77004314619466 2.18005770975428 5.51464790278316 71606.4536073586
0.00767727036425636 6.02022092333049 5.12440113678419 6.73910948232879 2.41657838592242 2.65919199636043 4.12089918916802 108979.918616379
0.0108086388437303 10.1479804299892 10.2825967066066 14.3910167527422 1.50446421704782 6.40065313935359 2.55576315900744 135204.775361782
0.0165842411043597 10.816946437821 9.71421350928538 8.67684283092651 1.34215664539278 1.2249617821804 12.4114286341281 126992.593270014
0.00963849947090646 10.9120745608844 12.8297970201155 7.50355603371518 5.49099315357283 8.54708119517796 2.77222029855991 136300.576684418
0.011096924730362 9.99517555266077 11.9539561233242 5.09681136369687 0.875378469574128 2.26347033020692 6.88368576992348 123213.527743838
0.013230761543398 12.7423274629511 2.52554387560555 7.54700505574865 1.71365804426914 2.07987294620246 8.17639309921615 134180.555802585
0.00737695100932624 6.81303986915926 4.44090488512659 7.83030059490388 4.08730363975734 2.43519401568787 5.82012430163905 118943.574451271
0.00839800933962729 6.18728368501706 5.74052743239579 9.40289236134172 6.13872941644807 0.00923997181408015 3.22097558714947 133723.383708612
0.0107512924538599 10.7169229048854 2.40917265634723 5.16895299007092 4.63888234575269 1.8019454948314 0.939485838295651 91193.8334939925
0.00718772240735265 7.8882924202883 6.13135527036514 6.37325658987284 8.3701019665098 2.6334671771398 2.35868904177631 125121.390797485
0.00658509180222575 8.87673596695185 7.46265724032293 6.54616709535262 4.13680061838619 5.66759636389674 6.71112958595123 120131.89578172
0.0094497215509806 11.6975128877872 3.23109187388973 6.8926255149506 7.99102633182983 2.00551080077855 2.2814468905218 122320.658730934
0.009601196178366 6.21588588771593 9.67218641633161 11.8089622658096 6.12707200250865 0.910378802428953 1.87865056665037 130325.282615849
0.0121886096765475 9.99440963544026 1.50560330015112 3.44617359429351 5.41681125501836 1.0772741634363 2.62561662873373 125355.779077584
0.00754834490742484 5.75013967155754 8.31300180839382 8.70483861066121 2.678953609359 2.17498880486465 2.31231122704896 71728.124449418
0.00804155533073603 5.61747753344722 7.42576563170428 8.79043636738426 8.11058599667896 3.94465597182788 1.23461365955194 137143.74622999
0.00712564299307665 7.91497773293773 5.97000819347401 6.88093872391793 7.51514615913943 4.09105099905688 1.08670295231271 114953.000322352
0.0104023063943002 9.26860925277835 12.192770884514 8.19691522303687 5.40424408430263 1.91969796709801 0.415695884382376 76562.584639873
0.0142162431993018 12.1254051337321 10.8829922346507 4.88639936152402 8.22856052763154 1.55462229513624 0.809548221658199 120166.384866866
0.00936204841646493 10.9724479116252 3.0632003124611 8.20224999420865 0.665943830845878 5.95556684922312 5.27780142153402 137334.197759707
0.0126994417856306 9.87471347905449 10.1707453567879 4.39848750884483 1.36834519880752 0.0675350696518189 1.68906075909941 75558.6046047579
0.0112699915996798 12.2531114651651 12.7847782216591 8.47114510466252 2.0671890530694 9.13946539114934 2.99593570832555 135191.946165576
0.00776181830512909 11.2669438783285 4.02782267367795 7.33113300045524 5.71015355449773 1.38347488602304 4.77182948429113 102092.384562556
0.00932190191155686 10.7545660697784 12.2266925931103 4.15127795986281 2.50666120110654 6.48258664526867 3.17499662654031 121164.031291636
0.0117778389226922 6.75082950803856 5.69877291031999 1.82028097953159 3.41725611530927 1.06908160136541 2.29815047572238 121079.071303799
0.00739411549671263 4.87313976543241 7.50473545101396 5.95046378525007 4.01587005754856 4.91108433186992 3.16612633683489 134345.946433695
0.00682436718325493 8.74232111447577 5.47970596297324 6.1763265829366 6.96536347672654 1.91676489431844 3.90144360344423 115785.340228684
0.00799473572147147 9.87026775247268 10.6001495814634 9.20518054738821 0.367284010194298 3.75935996499951 4.00493864989267 100996.434659659
0.00862823434453379 8.03199430763512 11.355607614018 7.7040950817912 6.10609531191384 1.00896787858745 2.35713019444248 90132.3214623723
0.0143264787449209 11.8158434457933 7.69183056950648 1.16836505193783 1.05211934893427 4.23336847132498 0.814192283970582 120202.958025577
0.012352077315725 10.6434365431852 14.0239203265944 8.29203195309857 3.66322278947218 4.9938583138095 0.312640311856564 90896.090016332
0.00900829898974085 13.2224865977268 8.14657066877885 6.95360863327478 2.29390077127189 2.56831322046576 3.34746913389272 66781.5347811268
