0.00913824787151035 10.1639271713756 8.12440592946034 7.78161365640452 2.70193931598916 1.37854289764321 1.15782092652659 1676.0832665106
0.00799986108561711 10.2054267602246 8.23417779657594 7.81621420355508 2.7423794993216 1.32047149648419 1.07259321444006 1744.44012008249
0.0108082742842281 10.12804929441 8.09100578188388 7.72196083667571 2.73304586675262 1.2894138229904 1.12559447994747 1582.14712564771
0.00945465214598123 10.1300154089234 8.12560222784159 7.79263763065747 2.71790655399946 1.3128700683006 1.17082472907292 1206.45710998995
0.00782598765111889 10.1879336306 8.22963594070154 7.75525797298917 2.73379976348292 1.3612229574048 1.07950157247663 1613.50760085366
0.0121626779925462 10.1608375643786 8.06560939864231 7.70904125207071 2.7155603761123 1.28045924820777 1.12446154270077 1921.58346336022
0.00798909126349421 10.2195353244581 8.13209100896442 7.80556541650154 2.73568356353595 1.35346307538141 1.14729494260454 1844.78292643092
0.0104081958297665 10.1850748916985 8.15686491045773 7.7448927934297 2.75990492792664 1.24011569414118 1.09789981415923 1726.20745728214
0.00877436409801177 10.1372312117999 8.14094649398022 7.83911345057112 2.70151195601499 1.29064370078017 1.07657119638006 1235.41577257462
0.00894172771550144 10.2626371556308 8.18818214595878 7.78124447013727 2.70220613768799 1.30149452674797 1.08549940626202 1757.66687776384
0.00837484402823388 10.1824827207832 8.18306569203993 7.83427631696064 2.74146588681576 1.29663627961495 1.03202504648451 1740.37871143939
0.0115535495162384 10.1165091940036 8.12443729456065 7.88199560757033 2.74213413021767 1.30580622549163 1.1232831692801 1823.39167195973
0.00777032219195687 10.1941022211095 8.23946366028643 7.76199215546229 2.71925514166527 1.33097447917066 1.08839792684508 1424.8309806307
0.0133736939558492 10.0701777460211 8.1526401085691 7.76882229734521 2.76303438161971 1.24721605447091 1.1016705037119 1914.07547772598
0.00682596935901432 10.1880795226515 8.1735966365906 7.79756438263616 2.74384460385412 1.33049800812921 1.07375379456372 1123.33559108618
0.0108838919051528 10.1379980215124 8.21012695437202 7.74960330214332 2.77126388118942 1.30369535239524 1.15469140834315 1870.89916681849
0.00924221668630715 10.1025574806854 8.18880470134914 7.84296960547099 2.74528335953966 1.33735959396397 1.05418323147677 1918.13792133046
0.00813179481717971 10.1594442150372 8.2450248175387 7.80458529183253 2.74713366642965 1.31952872123097 1.0573673322739 1450.48871552717
0.0121787670320778 10.1531122074395 8.11822387070538 7.84360624110501 2.72677215481965 1.34426881692179 1.19762232305186 1904.72756939209
0.00870655751584289 10.1864277959701 8.16104441304425 7.82305226422562 2.72036855233401 1.25638430897367 1.11290976614942 1570.96052448528
0.00965248260899733 10.1887042529298 8.1954983553296 7.77471825217505 2.71666161966682 1.34869271506294 1.18728799070797 1939.0425762822
0.00713959461052175 10.1386101317516 8.14776286646335 7.78073133669943 2.7302953463292 1.36161366502403 1.08720746171869 542.166236655939
0.0103193790584352 10.1488616672976 8.17872438070357 7.84504454692789 2.68466334347255 1.3290049878152 1.02296349040587 1931.52271027612
0.0115198559521464 10.1564787910203 7.99251872798243 7.79293189865309 2.71695844601157 1.34394281911459 1.03502776456152 1955.29454818157
0.0085224063715965 10.1022904679298 8.12130830330234 7.78364416484801 2.74740990201781 1.35787293704366 1.10541028905777 1350.85081253277
0.00994014177249316 10.165043015094 8.22068726194346 7.7274004981537 2.77105125045298 1.34859090070844 1.07676553974884 1929.98218576544
0.0097076520854498 10.1569723138013 8.07937097519529 7.82232396523196 2.71487557418819 1.34695205844324 1.15747973161382 1845.24707009554
0.0105171212090242 10.1345069695972 8.19786104287972 7.75755292387038 2.76947739719922 1.27174699888338 1.1351990987623 1837.97875560578
0.00838682431934151 10.1342490131959 8.2320137571892 7.78008884689906 2.71257673209325 1.29744891829892 1.04589852110482 1340.05925156998
0.0106208933524699 10.155196083715 8.19338463359732 7.77937516694225 2.75304504897137 1.27549535234579 0.98507155783279 1751.25223448484
0.0114441544846209 10.1048229975007 8.1330745406348 7.78499379367839 2.77980281701833 1.40756314262525 1.08507058026346 1909.99340203094
0.0128622716946202 10.1543059652361 8.22690616673641 7.75912477367407 2.74757615695042 1.20416488313526 1.09763503938849 1906.36441917421
0.00778079990561694 10.2023707957912 8.14118348724942 7.76663050685127 2.75883818449206 1.36524621808213 1.05896594232375 1621.67680245803
0.0107787280322742 10.1443107839623 8.1427963452262 7.72157776280502 2.73616659726795 1.42486388743436 1.04775074856758 1859.98181998102
0.00852212544780769 10.1615016749229 8.19484342289777 7.76844862235405 2.77307145909073 1.32544121987314 1.11921270607187 1381.5287753727
0.00880696383068259 10.1801723171662 8.20911230718337 7.79539955363365 2.75831371826333 1.26183241947876 1.06011120534905 1798.65295292377
0.00755261048323829 10.155937818243 8.1200312885455 7.79653806077288 2.74590044069671 1.33059044415479 1.03846054725976 1098.63557450282
0.0113897486062847 10.0500997393166 8.1570608799348 7.79390087560751 2.74663173867962 1.36391335387947 1.06230121849876 1949.49977185383
0.010366765048604 10.1958854159059 8.15866785400577 7.76217427864541 2.79511993114441 1.36991092192373 1.08312780037002 1919.14386659472
0.00855634450808736 10.1608662703588 8.15212839605517 7.78095656474539 2.68208108883731 1.32076580452227 1.13180638461906 1111.74623788871
0.00971272271328201 10.1547506210995 8.04559887926115 7.74374392965313 2.74110003949105 1.3611312472172 1.04440589638833 1861.84232960463
0.0117277767846626 10.0430720322016 8.14275595706125 7.79287655210604 2.7298543779855 1.32770223951812 1.05776665179558 1502.45220320274
0.00917946657254043 10.2563551221177 8.14975721830626 7.79644937096556 2.7010780881114 1.30663429283582 1.03598434673841 1949.48269052402
0.0122758074776087 10.183980907815 8.14538034904408 7.79230068714872 2.73240623730727 1.35559671408602 0.947116577822383 1933.06617267849
0.00904657247479511 10.1270177340604 8.23438959837088 7.82393726885323 2.73644836536145 1.2790744492062 1.08471857146702 1546.46801887827
0.00843064141084656 10.1625427409869 8.05880429447474 7.81178814131904 2.74104408700254 1.30548374369027 1.10008574192786 1254.7333671344
0.0103385588501775 10.117743029687 8.13180576149051 7.84230673324159 2.78005656110678 1.29683715411893 1.09727656195819 1722.80155128334
0.0113125178873641 10.0691048959817 8.13911191361075 7.77272032299503 2.75096263651883 1.27797960181835 1.10932236136906 1559.51236150133
0.0136526833111817 10.107786049623 8.16954622941899 7.794048840077 2.64000859065785 1.28580369486471 1.08263474863039 1947.35848357021
0.0113257432655392 10.1356613283035 8.14088899705945 7.7141002428317 2.69257619642705 1.28195381864539 1.02696042515089 1861.9641100601
0.00741483337357496 10.1571193458749 8.13045561182319 7.78692526428198 2.72606268047653 1.38690175556512 1.08341505991067 885.743385229485
0.0103664770675966 10.1117344726799 8.17702634177837 7.78804024332947 2.76530277792024 1.30095083625204 1.00660032973951 1789.36171004945
0.00712150249588741 10.1578195788901 8.13892080926358 7.7635435690105 2.73202180189191 1.35041894541546 1.10862577611099 760.419930235015
0.00844647136092747 10.1369034544497 8.17901929245719 7.80812673834309 2.76062414040369 1.30540834816754 1.03359951108864 1435.920498883
0.00932690677608725 10.1457502391687 8.23398564473703 7.72851447757217 2.6942501010662 1.33136023925424 1.0578753407385 1815.4632166064
0.0101697366062267 10.1288712235292 8.11854743087641 7.8515035810757 2.68782963148929 1.31952881084176 1.0955277386829 1571.97945721189
0.0101264715975678 10.1057292921634 8.26230467598493 7.81759791156049 2.73199290367498 1.28760540511916 1.08222868858136 1769.6720591368
0.00989011283762977 10.1484299937161 8.05664336961866 7.80044952434083 2.72405324874818 1.31608756957841 1.15731351167304 1388.74240487057
0.00890220982696517 10.1239130336482 8.14394841034708 7.76731693245576 2.68901977679873 1.31984045496895 1.12754467977414 1179.35284487682
0.00815882806854137 10.1565088063088 8.1552851132406 7.79564684094219 2.70280250685901 1.38740897527051 1.04497367809783 1499.38808021133
0.011718713460863 10.1360780767554 8.15424619525896 7.74074377760762 2.78171039628878 1.27504565154392 1.12959438741813 1759.58494188876
0.00977702495607686 10.1232886290495 8.08077435486695 7.7921311348873 2.71643243404563 1.31837061616327 1.15504483575068 1486.67147958941
0.00892149254837176 10.1617526667442 8.09020399490074 7.74524674202872 2.74142041999191 1.34434987802723 1.02279399510004 1670.80120116834
0.0120228248325519 10.1324443156623 8.1506310430318 7.8678872719566 2.67398787809881 1.32811507622114 1.06276540202805 1903.66056446177
0.0150125190306954 10.1520342639892 8.20877344944031 7.77160529236532 2.74509775996253 1.31663185159562 1.24299028695888 1943.11554176683
0.00940854076959518 10.197918525 8.13456343598888 7.78268815853676 2.68344364015026 1.29450975592407 1.01395820225545 1799.67347841434
0.00965532002918696 10.1835372500301 8.14884529450425 7.75197432143019 2.74081824260161 1.38339579145394 1.17219632296986 1950.36091762062
0.0104692651100555 10.212969169284 8.07206089113362 7.70880418122487 2.71975011939692 1.31574914905035 1.0672448087532 1953.89383647402
0.00978264377700428 10.1885162939153 8.12457335324966 7.81847819452272 2.7841425151479 1.3121873788989 1.03136133263587 1922.01947201378
0.0098593610882351 10.128154183504 8.22361030103759 7.78703530993258 2.71604226278062 1.25683939509965 1.02918710531293 1821.47447530129
0.0123223077314414 10.1442491155332 8.13273312616948 7.87470395351055 2.7913467582155 1.32451857106784 1.0844572339679 1788.79034257482
0.00842021913545821 10.2178757808847 8.11175112794248 7.83371998628461 2.71059934865707 1.36020674091595 1.08511312888567 1927.49236739851
0.0104394009348713 10.139341186273 8.08186039218999 7.73444702392755 2.68945220731749 1.30185460392567 1.11236111893114 1621.32252589779
0.00899497700347177 10.1325032923717 8.16296313975956 7.82114203230863 2.72444849157639 1.32747528588878 1.00342587147918 1464.13673930718
0.0122303142779028 10.0687250327824 8.1647422589885 7.74566921194434 2.75424574164636 1.27999041311936 1.06724024473223 1890.28213161488
0.00853249145301432 10.1187129838065 8.14424175490019 7.79050822835851 2.77123334884973 1.31694322952436 1.07837650651423 986.288514919655
0.011153979811241 10.1178774507336 8.14202020594012 7.72354091077624 2.68648133364016 1.27545349578349 1.09604042472562 1649.56747914725
0.010621559995697 10.1564548898114 8.29205667522968 7.83146213634796 2.72597133229352 1.33267965227625 1.11766044984578 1876.48473243862
0.0103076725039763 10.1089109825042 8.22833848559809 7.79099377372505 2.77967870011058 1.35388224232809 1.08614497244964 1934.94802943462
0.0103310306519834 10.1497783856984 8.03198597988755 7.76652807554053 2.74439680487417 1.35437457222758 1.02645336669911 1831.55832662298
0.00792184246816768 10.1767881474321 8.12071268158381 7.81951799764854 2.72517974851535 1.37483708385064 1.04823676064341 1605.45992941832
0.012628959077481 10.1505335655711 8.20078984380394 7.82425095918496 2.70631146446416 1.20471520431333 1.0862356505885 1883.3350981161
0.00921229020495247 10.1816592706694 8.08190160288014 7.83788626883372 2.71770486993935 1.27900378784953 1.05450360123981 1868.66847980964
0.0129257106030197 10.1438486890641 8.13031045664183 7.85931289764647 2.73132050151271 1.22130248151987 1.05372658646126 1871.70976786626
0.0105340788186767 10.1083139403038 8.03829237721077 7.76019675309235 2.72439352134902 1.31238458586829 1.07146423717544 1413.52553804728
0.00916164025515904 10.1533755916872 8.15788977761525 7.79350095130024 2.75013174881672 1.35990636241917 0.995204019972842 1592.99052297288
0.0149093061299815 10.1503148915181 8.15551080759661 7.71391084773165 2.80126795529966 1.29074082636437 1.07775860077677 1722.62503835655
0.0100106290325096 10.178838457281 8.12455438714806 7.82068647760948 2.66282615560576 1.3188532808746 1.06336004138019 1758.9107620441
0.0121744809439598 10.1175337112286 8.08352877846221 7.69519338424166 2.73475539951022 1.34914441163569 1.11055613375423 1962.05382781348
0.0112212748070514 10.1604173847251 8.12221787360942 7.86986683719404 2.72548312671726 1.28091123560778 1.14303623521725 1761.76464998029
0.00997870174750756 10.1528882857708 8.2118182666395 7.77855215945041 2.65982393242543 1.3418319982541 1.05387946824382 1749.74279537666
0.0106964545096067 10.1074713179473 8.14845612526223 7.76503753951373 2.71044339100579 1.27245535459107 1.15366518709369 1593.23997312691
0.0094005378671591 10.1541667546937 8.20346133538365 7.72982347008823 2.74355045959566 1.35046358578764 1.01480875448558 1888.32354175773
0.0075797354645168 10.1766673352097 8.17042125205039 7.7667646622779 2.72894999601396 1.28976853599131 1.03959876330224 1090.54303370281
0.0129086138883252 10.1722564903805 8.14846043687769 7.67701838228938 2.70305839491196 1.30921615529304 1.12874081838941 1763.68611845171
0.00840544675050995 10.1377864866812 8.13737826418301 7.80349653637335 2.70912281934766 1.27928718117207 1.11948644861656 1115.40044542707
0.0109327402371972 10.2278353242031 8.14589518111837 7.77582772848 2.69932607285636 1.31737188576546 1.19186357108998 1963.86423673415
0.00950668640961505 10.1754498414235 8.04933937291322 7.76083897758492 2.76499244171812 1.30632845054807 1.0773208126901 1563.9368430981
0.0084575074598055 10.1742744307328 8.17382729510776 7.79777808261623 2.72382998847567 1.37720556820934 1.15780774840886 1698.5115312926
0.00959411313616066 10.148709323153 8.02138782642187 7.79217987388506 2.73805806912831 1.32819768596469 1.11262875414475 1338.59334609557
