0.0117671787024927 10.1719374495113 8.32641140631753 7.95489228793762 2.40160475244479 1.17035265184397 1.24036612913112 9007.09354478539
0.0102622612498442 10.2055331703441 8.30960216901397 7.65884888694759 2.94792524742682 1.31080181058697 0.503621558286295 9764.12929093925
0.00934451872299526 10.1523267384657 8.1426402729722 7.72170072657858 3.09220853533053 1.58807702299562 0.918880529606793 8210.81547759763
0.00942203200692675 10.188175075819 8.28947250560058 7.80608566252102 2.94601075236547 1.26095369267463 1.44843733644009 7262.84448987598
0.0104586361925635 9.81337915441974 7.8000876274039 7.78611256962572 2.77605639710038 1.71783859398829 1.02040735385186 9740.67402566346
0.00771316881269762 10.1463616747679 7.71082504498027 7.94238573684436 2.8955384996823 1.27236266428888 0.858078902116028 8260.21521284001
0.00876705923005423 10.0998543425762 7.71107899186285 7.52621672828016 2.94203971443558 1.27905217966782 1.0508932218533 8418.06678813362
0.00997872048373488 10.3969211679147 8.22431649624627 8.07183839830029 2.6050379597533 1.62715858186903 1.05722591623128 9501.06443805049
0.0133719292370663 10.0252837386247 8.37512006912173 7.87675645255684 2.45774148268812 1.28331183314964 1.4368961173742 9597.11869632874
0.0117750022504109 10.1456475156254 7.92907881342309 7.83107746831521 2.90555655501021 0.780230886225156 0.982724642170729 8997.32879036348
0.00913088394180784 10.1137020231408 8.26020374195049 7.50338066215676 2.83414767277364 1.5392517860305 0.697370709376707 9558.46496853663
0.0080784584993592 10.3689130903575 7.70628125668327 7.96817659374424 2.75224462913051 1.23673747575452 1.00704801883811 7995.11997983159
0.0118251115692373 10.2040741628204 8.53244401126906 7.95342825247759 2.68127814663969 0.964641718413588 1.19454061986459 8661.81652467765
0.009626783383812 10.1818561526916 8.23268517841368 7.65735904962822 2.57801292257831 0.899396453711578 0.851444519559496 8836.90785485251
0.00963187616658273 10.2614230589977 7.68455979593556 7.62629167905216 2.48425833747492 1.21412166267882 1.0626735070993 9112.42334041183
0.00921212720263681 9.96487213910232 7.96066458953778 7.86518793723189 2.69483613803043 1.17171352142211 0.546929464086258 9465.91211767466
0.0121683014021023 10.4466004213173 8.21203475246188 8.09295699270615 2.74259757879175 0.980612549947069 1.18871344639816 9523.37549968899
0.00875991283544824 10.3708141082394 8.26510541126438 7.58007533437047 2.59139664223488 1.39992547430619 0.758853659323799 9426.08997067448
0.0150366367445621 10.1608575073876 8.62293495437405 7.75077271569058 2.64926864245695 1.20542499940454 1.54230412500993 8758.51805665628
0.00938223665711677 10.0834649000127 8.03083998257853 7.3966525390763 2.57351161861955 1.33374323268355 1.13782000589987 7001.17229357923
0.00805002931405843 10.2278086429722 7.92065785320346 7.68438708901994 2.63139986119075 1.42633665494187 0.596490236236825 8904.6638896678
0.0091985686315594 10.406302163239 8.28867287603477 8.05380973618398 2.62943647327555 1.27265266502185 1.13623770177269 7520.34567218672
0.0118637134320037 10.252462333973 7.55637897132159 7.48518950494381 2.72277993806669 1.28173525745243 1.35718578287535 9709.81602097882
0.0125314135800488 10.0970465438099 8.81345181309401 7.55820174506075 2.76391044608067 1.07328937624369 1.02826614326174 9442.64666244173
0.00798845744390418 10.1531981173277 7.93939694462668 7.89541396329213 2.66962339928906 1.33003026687796 1.39240569713691 5575.53395657797
0.0108477206946829 9.8995573099771 8.10776228443363 8.16762107849241 2.58152297357375 1.14682044326484 1.10079330684442 9071.98775179177
0.00944043107241838 10.4290438303344 8.36584909687912 7.88939827362373 2.86785160154801 1.32972322709865 1.31078994251152 8450.33189852381
0.00763513344714509 10.0843243418623 8.02552174957106 7.9525590049297 2.54656160807519 1.48603974151434 1.08993131682188 6369.22383280692
0.0118388778172895 10.2713958127642 8.39143958304274 7.56662762710034 2.64962972388922 0.921130462718777 1.24265200130105 9821.62212056826
0.0126320154854881 10.0463727909968 8.84692790402719 7.74818110688749 2.7053875749307 1.25454329311481 0.828839987998258 8481.86508946146
0.00868926911217207 10.3825380792241 8.28904251829342 7.85197362698277 2.56584065722958 1.50907117646337 0.942825278575501 8302.50460528783
0.0105944409433297 10.2323721051076 8.26252494311609 7.97017672477883 3.01014102535533 1.02125672700732 1.19041197448591 9530.81275037565
0.0104100942538875 10.2934810639849 8.2323761117084 7.68587663978755 2.85314538747487 1.01451386571904 1.38208177614224 8853.6605620886
0.00909146498518149 10.2362940544018 8.06218442141753 7.49252221441793 2.80989463744904 1.45434759283133 1.40798585309585 8411.44006395495
0.00881396211200585 10.2440337905977 8.11358598844161 7.60272885279405 2.50830330296633 1.47150570671538 1.20070977091507 7311.85657583193
0.00875057774698253 10.1707419397809 7.85977365012852 7.48441475459919 2.59919295366093 1.37174202559516 0.699676284040848 9599.83827217811
0.00763921772527191 10.1968908867544 8.1120760385713 7.9177018674938 2.55643759412407 1.51306735435481 0.858661206673689 7245.03208317179
0.00867875138620317 10.2213760772366 8.57696611490992 7.7936994483425 2.73211475029648 1.29594437082199 0.890144235248032 5283.11786373384
0.00858321205557655 10.1323788010356 8.35032837914094 7.78274463144159 2.58328562926154 1.11037709380087 1.14504672926378 5247.39471773885
0.00959997870395048 10.1881855832333 8.17246284811056 7.78069359388141 3.08319819557548 1.57612926413375 0.838229032237441 8660.74033913297
0.0105344653274414 10.0553318133557 8.52665243338651 7.92675935035058 3.04011349990102 1.35837598786835 0.947389419609271 9605.98933796491
0.0143397450835386 10.4375580160751 8.00113365671832 7.82693925079347 2.73587919516277 0.729675300948684 1.02987580063851 9243.9893724209
0.0102434665615365 10.2041454460116 7.87470640333511 7.59298602173191 2.72898511838653 1.41579389507568 1.55075840571678 8333.68471060027
0.0101974824889016 10.323861690985 8.03072425315253 7.4806312106993 2.52446774705844 1.35386974612392 1.26141992328475 8990.5506292989
0.00857838784663081 10.3323486599378 8.46462234589051 7.65124441650629 2.82380043895029 1.41223336465268 0.926864817294813 8000.13562338527
0.010986625612854 10.035795465283 7.87625859214134 7.35350999878999 2.53290808214769 1.3283461671722 1.12862491539233 9161.71888674652
0.00985491360894482 10.3444919075502 8.3834287854243 8.036742729623 2.95880455962014 1.22698550703928 0.993505564093593 9614.85252233591
0.0100469624257571 10.5212354242808 8.35682744703724 7.76886025185832 2.68171476945699 1.14000723500246 0.819235373731985 8942.82162675232
0.00991991360655332 10.1019501249341 8.61050842131438 7.69180690403857 2.90667487987166 1.39256523847259 0.813305072724618 9006.15623524269
0.00961598796803271 10.1575347147258 8.16009942692416 7.62862987378448 2.95671301615524 1.24850784807125 0.52893320003911 9020.8827989145
0.00803950451362884 10.0395776577108 8.44530765432025 7.80399053678441 2.65009277909702 1.22078759089205 0.978987043539432 5655.77651289504
0.00942823798162603 10.4698109691744 7.72928096151802 8.00786558476981 2.7270075316481 1.33157676466787 1.24203823914371 8997.10140322075
0.0121626941999432 10.245320263935 8.11873774236033 7.41346826777538 2.72259591564911 1.75891871537863 1.31051227134299 9610.5740125771
0.0109028874814421 10.1606314284291 8.06059561268527 7.37997628690333 2.70747512330742 1.34436029691469 0.46680443355857 9511.51719109253
0.00743686285785999 10.0406426485561 7.88627528307381 7.76215101690986 2.9346134020829 1.49333395358992 1.19919621428431 7500.92273177333
0.00872346689397573 10.2255387819587 7.84698152221387 7.6037402409882 2.62360664738262 1.67845967519248 0.947822948085357 9359.29021543331
0.0109379470217522 10.170718195132 7.78984230651344 7.61430526546881 2.82855642826158 1.15487572503887 1.51627142553134 9689.79217321176
0.00754679805395577 10.2070492902915 7.86551367109033 7.81619965458845 2.914165048595 1.59111661672686 0.910396786942407 8386.32027356971
0.00904393516041212 10.07346223727 8.2444926700879 7.82298007342014 2.52992391458184 1.63536970502487 0.873415639381911 8282.81268785424
0.00822721632688097 10.4451743906775 8.08351765528709 7.84556836600168 2.8445591904882 1.14132623666839 0.947136166983258 7532.27034112742
0.00781152190053131 10.3656028889908 8.28043189045273 7.77633739606501 2.63352366157017 1.27298919898093 0.799012407987225 6601.26000562807
0.0118737755714237 10.2814602011715 8.7007659670054 7.72140503601501 2.92288295928338 1.31663982714739 1.28205652958449 9052.40968447242
0.00839079946584212 10.0214764981297 8.21337042201955 7.82408897255913 2.92692271084513 1.60304314109187 1.24501833405987 7850.95859155524
0.00836152521357264 10.3112179724708 8.29163531287139 7.58442402740147 2.63362599469493 1.47246097760547 1.13061862573251 6830.59247388635
0.00812100923012693 10.0125054998781 8.28682019669689 7.78036878103442 2.64401532350437 1.15354237795659 1.17183200319641 5115.38099806885
0.00889903368387081 10.1589383634572 8.05686282423601 7.85605162449481 2.54410721192795 1.07161227797282 0.625583897000926 9039.44502749329
0.011444104566461 9.79150494679395 7.93398639245411 7.96856904793051 2.65923932512866 1.30498653327709 1.40603169537661 9742.10477920544
0.0128769684510024 9.67127074032475 8.17391719796241 7.72615428420929 2.7068185971272 1.30178099160654 1.35473616551866 7624.02172570297
0.00881897661838528 10.3397731157326 8.06130032893333 7.51907101052762 2.58216308840426 1.43471416660068 1.17268421426993 7888.88522476901
0.0130124391050993 10.1951400174044 8.213610552779 7.24345571845362 2.55646391690341 1.414774021842 1.14036931850714 8700.22372576165
0.0128480656268035 9.95800844185351 8.20484601724515 7.79487377403493 2.58923462344169 1.89637937242385 0.931135092653219 9805.74698806906
0.0113944515448897 9.79548177972961 8.08663997013435 7.93238850419985 2.67948823407683 1.17734527619287 1.36937271914012 8918.94697604156
0.00792290940466947 10.0178061165096 7.91468560228567 7.96286561014581 2.59331228648593 1.44589122711086 1.22622617500715 8009.84307009088
0.00792565118373904 10.0289964290284 7.73384048981554 8.06674108673809 2.72271588986764 1.43549830568308 1.16515010368187 7899.59205642289
0.00908505470190581 9.917006909167 8.32546732770276 7.69309836980065 2.76004975661712 1.01635742458479 0.80631479518076 9050.57257594768
0.0113167734312183 9.76912884411661 8.09655577871715 7.71605941428792 2.47569745117266 1.41663847368584 1.18301696547733 8954.47489661368
0.00883136834749636 10.2566883517385 8.09610995891082 7.87989271609912 2.61984462674614 1.12181874346972 1.32484363981814 6843.32288109467
0.0091333176698477 9.96788844942157 8.11593965077439 7.39343586404726 2.65979899140898 1.41268871758241 0.829959457098579 8856.18837331506
0.0145931772638536 10.1339346321994 7.14776961177326 7.7905309183501 2.7748453011613 1.27894777374102 0.957559916791836 8453.58020513876
0.0111652606351863 10.1675178749848 8.22999269329053 7.27500968417113 2.93152891945189 1.31098687831341 0.822730803797604 9490.26509535631
0.0092436435563637 10.150155836859 8.10045124303658 7.67246546502353 3.10991115931411 1.43205857799877 0.836849271125639 8490.13679033385
0.00982097691899599 10.2129528159467 8.22773684519264 8.0761901868139 2.51883308731639 1.49374185172132 1.26457764453242 8942.13587846093
0.0101092458563854 10.2092205509543 7.91776857702567 7.71769686659257 2.75239401453072 1.53441958908514 1.58341823610895 8503.31348579441
0.00761213487427199 10.1883969140051 8.36517397838797 7.75158772467761 2.89961148342746 1.18197643152244 1.02800960174797 5476.88686164343
0.0108360598558 10.2294515478313 8.29765209472622 7.5274002669585 2.86056019214429 0.859665542866093 1.02677649327367 9522.5040706768
0.0107771336329904 10.1696442791131 8.61154041912418 7.94396498847886 2.92355342624916 1.10520622850926 0.96444035810794 9441.19969500324
0.0105491338139399 10.284656546601 8.28884118111247 7.76677284358039 3.07685049827686 1.67463203482452 1.04511233905448 9470.1145902945
0.010253190794865 10.2439115175045 7.46692580376501 7.61229047064222 2.72707500927684 1.54922557163141 1.06152159288782 8767.53239534387
0.00908126160661149 10.4048424664005 8.20277839178752 7.9539754363716 2.74780089431251 1.46580590102765 1.39221267845036 8103.90778562391
0.00895578305967391 10.283471530014 8.28488060067044 7.44450069694597 2.92681830853252 1.39081851232076 1.00157504030165 8596.06647431097
0.0110540073513848 10.0532432583429 8.1537734502381 8.36900534925075 2.77904152407385 1.33865843751748 1.09154452871203 6857.14120707724
0.0110500458939149 10.2041502531673 8.19815964988039 8.04365125627161 2.65590653551462 1.66811373859024 1.46505717457235 9782.59549342711
0.0127002905993681 10.2147576783754 8.06105915721134 7.6751626272504 2.43456628004423 0.874529843149472 1.10391528526691 9091.71126189613
0.00828806234540958 10.1831814278984 7.69580548722807 7.7421547868729 2.68383748896501 1.31095915306821 1.33112819129244 5961.28680027649
0.0112991280575254 10.1373628558387 8.02141418618365 8.35466035358453 2.77834642987762 1.11341793457135 1.11394037665834 8241.90856293179
0.0114116721953297 10.6222344412138 8.24065717713181 7.65289921561505 2.8197366289928 1.56542558675223 1.12233392180498 9416.10836069891
0.0103362291773113 10.1397752954323 7.89509249048426 7.37120198739772 3.01507437688933 1.40506389194598 1.12492867874262 9506.20556408464
0.00833392499710017 10.2352789043838 8.12005756922949 7.52108299089197 2.57480822388715 1.46050008575289 1.12440838542999 6432.30927358425
0.0084684198232608 10.4371790904878 7.70888619578123 7.83869183600029 2.6311471132217 1.35423248690868 1.0806207913888 7482.12234507178
0.0106358057172932 10.1654087677283 7.68607930535789 7.75733800180059 3.16285414150965 1.41861830511178 1.0334825024713 9475.8785355387
