0.00748385018718216 10.3811547919084 9.25266404937735 7.97288259457329 3.19531319992332 1.04065978530679 2.23165043226046 27362.6675692936
0.00959971258771393 9.56231335313643 10.2656320573489 9.08227872696332 3.1350396317197 1.13896480232281 1.77800448321494 41680.7800430354
0.00986877376055985 10.9729799540398 9.2561187931891 7.23526593411367 3.68065789955597 0.282862889176413 0.797654121730288 40632.3877947064
0.00804634260268985 10.5869749458713 8.20302784175676 6.72759720643155 2.29011538103728 0.779080207949137 1.93959483028613 29603.487648511
0.00883153158281068 9.39720580075958 8.53110822349593 6.73917520817749 3.0448402228495 2.54472729915028 1.12495081478412 32255.4296865655
0.00856518462367768 11.6551208580815 9.84445524966436 7.83072264861008 2.81259905512154 1.27790679523286 0.933462907482662 27317.2241085666
0.0100906594679864 11.178089082199 7.83978625200028 7.62377028286508 1.85908604890851 0.0511935613163552 0.674306007605747 36368.2526454867
0.0100905502413024 9.22341083037992 7.69986925634592 8.1438951062503 1.32703904447655 2.65108252084158 1.11900181982431 42267.0948956522
0.0111606587357709 9.58003272292052 6.94414154653243 7.89164426347434 2.10590106434096 1.26858559226883 3.15895431610812 37936.995136671
0.00992024342961024 8.86972872789577 7.245632720096 9.37813365454909 3.02263090178517 1.42582002108464 1.95567527092232 42972.4979767691
0.0112680432138973 9.67848127690199 5.41217528872054 7.65730198939686 1.69775839839905 1.1748438623407 1.09559115410882 36364.1851496763
0.00980655829578793 12.0834688808805 9.39892670850322 8.20545681659363 3.60570584427582 1.07163959992297 0.854459168307939 42645.5816689707
0.0123359263662723 13.0860916182848 7.62526177193609 7.48545876043062 2.8372817538644 1.50476872367521 1.80622850563482 40114.6711258837
0.00939782575238085 10.238366736576 5.81621758935655 7.70151416422441 3.48360508054928 0.934488677002269 1.80041895216024 33651.2379787617
0.00868365699314554 11.4736435552811 8.24748384426917 8.00809376214521 1.52138964701866 0.754562523015819 1.09674774171915 33460.0878088146
0.00912804189967168 9.24902906537553 8.48433828306825 7.64328453674849 3.89969818236045 1.99901712551448 0.776469447496911 32958.4105338773
0.00988068008713526 12.1476883750222 8.06811342164005 8.29755858863371 1.71258235347722 0.850156916741724 0.833850172015535 40528.45526385
0.00957356659000914 11.5500180246808 8.77403238692816 8.38513577250654 4.06152429666941 1.98554157530159 0.860883020339388 43940.2185362927
0.00925457312429739 9.36384671585406 9.26401922018574 7.74654763093246 2.02119616074301 1.70724660533273 2.604817946235 38213.743812453
0.00880523435842459 10.257383340966 8.05151813190176 8.23166063504562 3.12654828072101 2.87216423968879 0.621213923850374 26042.0652915725
0.00945308781745672 9.87713546709063 10.7488225591322 7.22074986664027 2.71419131629033 1.32435438665894 0.823610141369457 26177.2155669114
0.00930994248071301 11.4325338763677 10.2477736244502 8.54253419324684 2.1025036309369 0.982677654823001 1.31194261445344 43272.2379177327
0.0115062349968516 10.2751150558991 8.52768877548275 7.32342808424898 0.683676303886672 2.38841721058743 1.48434660431873 43751.8295154163
0.00995560671032776 10.7360656296026 10.6667335301412 7.59683860076823 2.96616743003648 0.46485757033782 1.26423105980464 33871.7410303666
0.0133763606743077 9.79870395479313 12.1707683000905 7.68041909642465 2.3714530149511 1.61626323978553 1.64809343749859 40440.8991075725
0.011150727652745 9.93097733332174 9.20051519111169 7.39831183270597 2.71132671836921 1.85146765533536 3.53697122010214 35756.0823586106
0.0126231483635034 9.5431378350024 8.31097247686244 10.4322498764678 2.69896052389404 0.727771114551499 0.33261050740218 40687.5704359099
0.00955081043980309 10.0927984274372 6.90275928664374 7.74051571128974 2.17968547151126 0.933589434488048 0.0847481858339769 26210.8945343074
0.00812991550959781 10.7309330397458 7.0557048848727 7.83626734943658 3.47463383687191 1.21916969961754 2.55035024260379 33530.514177883
0.00893469501723193 9.69866581511881 8.36690037887436 7.11302649656031 2.06252296501756 0.323338492533468 0.961357445309675 28170.5502272452
0.00872382401176319 9.36304881819714 9.56740903017528 8.22461787304085 3.59959886756459 1.83833684892781 2.08918106983184 42247.9881339589
0.0111989593202086 11.5065045120758 8.45582607677889 10.2439427436791 2.65601225970122 1.62045051038198 0.572076536964195 42908.2319007966
0.00931550908994635 9.79576625704566 8.93290736604566 9.14898998083541 2.61777588626578 1.13037339374885 0.0774474841228286 30914.054911237
0.0103908141703541 11.1028400669833 8.02117867938217 8.22687692598308 4.24442531705703 0.6180151963751 0.491753355216952 40539.3895350489
0.0097371422913423 9.99162738176049 5.66299151714147 7.73437143603917 3.41528191426071 1.45566680398578 2.08988333407758 34636.8091884571
0.00903912340935544 10.4139532646737 10.3010030098955 8.5263825924998 3.47172526556915 2.09459288449636 1.80529853370356 42804.0695586877
0.00805052912815402 10.9517893004226 7.24174734154599 7.44035012548546 2.73869087034329 0.895653218345635 2.39059858975821 29823.061036565
0.00996427968747447 10.2328773398091 7.37931926162643 6.1022847773818 2.75786248650205 0.420340975262709 1.73332112496559 32794.7068028353
0.0114538942163619 9.77463555060028 6.33772988196006 5.81043310451123 3.19545147077037 1.51515157843198 1.33208461775443 40993.8514086319
0.0118658919331684 9.90016134206095 8.40518570972859 7.10191343019326 1.42449507232036 3.33567481894829 1.43328038250671 43888.9775812248
0.0101327301829717 8.61618461142987 6.57126347292272 8.47930992025881 2.81918771604657 1.84274438184297 1.88163743033086 42523.2427631297
0.0108955018522138 9.99311344983385 10.892620661851 7.34253412136201 3.4706429120055 1.04622312021968 2.40738455375501 43492.396740916
0.00986320175943628 9.72090386953326 6.59924243217743 8.42565121201573 3.50628760388103 0.445863732966027 0.814537494247951 37457.5865435849
0.0102710108813885 9.01931139894188 9.67666998959138 8.13991949415779 3.008893874623 0.645103336335222 0.456104329719782 37263.8146435875
0.0086225269258148 9.00599918430378 8.48060736290869 9.14758073754236 2.76685448978765 1.91063643852758 0.822378995301793 32216.2651224762
0.00812535112319745 10.3514070874599 7.99024554690883 8.89793928545653 1.80912713308693 0.469174618760892 1.39011743907622 32470.3633194306
0.0103248715001145 11.6369654534883 8.63183464180401 6.25297398620041 2.06466560229753 1.23896962983948 0.714615703939728 41042.2359963965
0.0087746163956888 9.79561503403304 9.23283723320443 6.75589498452272 2.27562228521168 2.46971925364033 0.908800150334081 34910.9261428458
0.00945865753935161 8.68357332116491 8.08093122879806 8.63650713178092 1.35979783634947 1.74121789464771 1.10926249622155 41769.2384592689
0.00839795138038832 9.7864598646979 10.2432576010365 7.61581644562401 3.48879452338365 1.72179995087287 1.61041250358836 34079.6502444111
0.0115788677859447 10.6402177326274 9.74851985800628 5.97170456651147 3.37233620456004 1.20044960953389 0.435965619935689 43674.0892929926
0.0106352698785245 10.1780948475714 6.7192581239066 6.66541952129993 3.75615926759752 1.30663920568561 0.49988636266715 35252.7633285883
0.00941593543913616 9.74237629751573 6.57916257740185 9.48084518719871 2.52618293079742 2.0881167012441 1.68358735596659 41744.2008834626
0.00993061939772522 9.78860121317823 8.42632629997692 8.10854947622938 1.1215760780109 1.98515205585142 2.19273979276946 41206.1125872041
0.00863052777795307 10.5934822421186 7.09022501027749 9.57040959578729 2.92233174128902 1.45519592085022 1.97631452190478 36657.1189035961
0.0106133848478289 11.1712448496495 10.9221387391836 7.09286976368045 2.63953961571499 1.05750296146014 1.92015032480114 42453.6940056231
0.0101433797785531 10.1504413466128 7.12422453806858 8.16741466968799 2.44952314556487 3.05060653879418 0.428250569151274 32039.8467713297
0.00748460142624981 9.68198433978722 8.88520062193933 7.66841800902897 2.88093408864705 0.644295405142122 1.24628179230043 18466.5967703016
0.00916029215333145 9.65503774110678 10.5538317886403 7.93363316690059 2.79195648071361 2.00532458370759 0.704991980815625 30503.9344832483
0.0104327838725068 10.2981361011197 7.44277835441934 5.64503395104228 3.75964180551449 1.15563402831047 1.58990927278692 41108.128019682
0.0092984112703761 10.1565780241633 9.56899950110552 9.66567692754344 3.12156470671368 0.89620706181449 1.13192040674812 33501.716991503
0.0113927378193409 9.83280190758588 9.21720006639297 6.0590299606029 1.91628293989058 1.71114018738049 0.270064713557521 43809.4526877778
0.00708416020892065 10.5735839475414 8.15792296334906 8.57705078896769 2.48784624378359 2.1422532095624 1.64891900836513 24695.6463020331
0.00846862607477187 10.9407008713345 8.29133100913719 7.27187179302451 3.76465860017268 1.96131551608298 2.62111178882859 41445.9879076824
0.0100252063270874 10.9903794661637 8.14771419752347 7.26373171941896 3.08972004493991 2.94121387767528 0.477956631037463 33995.125693154
0.0125886236486923 10.4676219850206 5.43062993026844 7.2227883018257 2.27294742631023 2.15250635651713 0.375487706782202 42830.8227844607
0.00923937607929023 10.7784020096531 10.1752410407595 8.82990904250013 2.71048363650133 0.490611742897513 1.54718231660353 38178.8222579037
0.00872179520064276 9.16662400617125 7.93599752121306 9.44959273325535 3.07467597327771 1.42498766512062 1.57129674885356 33796.5786351576
0.0107876499553874 11.6677707986169 9.8347019372928 6.99443552514946 2.6676167160675 0.858689213765391 0.39427216099217 41089.4766296107
0.00922435530665473 11.070648981498 8.83650292012462 9.73441920222349 2.23526936308225 1.50763347616627 0.580083356354577 40988.4640107544
0.0110988603477737 10.0680416239462 7.95267006110415 8.03422469997515 3.36096953910346 2.59499367390803 3.31727863356823 39005.5089294838
0.0090765732982763 11.344622916035 7.51406056951444 7.33999689886884 2.86141492343166 0.958086843768564 2.81312464687887 36675.1973529945
0.0128381776921945 9.98452158695631 8.13435015863057 8.6554991923242 3.57489400129349 3.23100372804059 0.0727143446380241 41867.6729682281
0.00843591741680698 10.879318389039 9.34160467393266 8.50223895855915 3.0256844444558 1.73214501754987 0.33500541006618 33257.1125721125
0.0129950178079095 10.0722894814714 7.1243835766835 6.91221275701116 3.1506787448748 3.6274890499402 0.720176597776541 40604.0916312661
0.0090425714502588 11.6447922041198 6.63234807445431 7.79885347928925 2.41469186522722 0.854131612057862 1.98271235039316 37797.017444242
0.0118279185866544 10.6046172432388 6.91066060747414 7.38215603503064 2.89816885177787 1.77113337625522 3.6507166482677 41247.4467886208
0.0105486204026895 9.95357766157221 6.83830233471213 6.55417512537598 4.37084704833873 1.47931452079841 1.27373310983219 41761.32235853
0.0100521941469394 10.8230988529201 7.18643641885788 5.65297102205062 2.51944453265762 1.54422047377873 1.38024973382463 37294.5514767771
0.0108836579318234 9.46388048606587 7.87707759114789 9.44861074260893 3.73511548258895 1.03799499030874 0.406631366050141 41516.5111107715
0.0105584622275457 9.00381890656111 8.07738463128452 7.13135474297831 1.7941420705999 0.867395984290224 0.241163258064377 38288.660303246
0.0140884314654632 10.2602527690843 7.62492503299224 8.56577057829831 2.89507227831811 4.1478366452295 0.899416555199197 36668.1632307335
0.00989392929432101 10.2461526495349 7.15761968051759 8.46521731784265 1.35951987362811 1.26097944146448 2.41325333592211 40182.5830717227
0.00822062713230824 10.3720426679014 7.85744691981736 7.60786263432612 3.72253586885168 2.57414578584543 1.2118889317513 27511.9039681343
0.00796272835318481 11.0396074526615 7.84583411203951 9.08049206856104 2.62773995167803 2.26245647462664 1.44645499590647 32833.9684557209
0.0116459703402039 10.1049180101686 8.00490479950463 6.11118122326147 4.46616756770589 2.17732087078442 1.09776001624639 41852.2637063228
0.0109778308603338 12.7185211855511 8.26664819387019 7.67157465892666 2.0786065527651 1.58095191464615 1.76667873635034 39526.7636367895
0.0110869101608303 10.2634190168931 6.02149940781346 5.95946474301533 3.01872195225538 1.38853182037348 1.69463618233307 39126.8138859494
0.00825407757772771 10.75005029985 7.89257713958422 8.11020587174627 1.41035976532602 0.736570371305604 0.968462576886721 31166.6163642702
0.0117109932016187 7.86757132300274 7.45170800440306 8.29809869007937 2.66429341925999 1.11770098470566 1.96452121544937 40649.7974675865
0.00951258612195944 10.2381697309081 10.9510479884847 7.7497512396032 2.38782143843237 1.66434723889945 1.97523019854302 32537.9172506928
0.01580312484334 10.0903296959182 8.05035627078044 8.48244563638695 2.66037914953404 1.5105059132691 4.34241083543478 35052.6968199006
0.00834552990677419 10.2477657656958 7.71250205230989 7.59634416591595 2.99052750171586 2.79802246237914 0.850968671795266 21854.5194920041
0.0110361624396863 10.0318835622904 7.71086658234312 6.10281318576182 2.68780657549373 3.12306863472084 1.59226060106289 37077.5215227315
0.00941749070717562 10.9971707904261 5.93420864465545 8.4737236793256 3.56833033275844 1.04589110212647 1.25827271135753 40928.6610741331
0.011179989215126 10.3538281713366 7.20939875720005 6.11430049603144 1.24521993348373 1.49858912591345 1.0367159167051 41739.2527639481
0.00872600616848458 9.77241287648534 7.45479019036066 9.58311776243259 2.60574735544821 1.70187110567988 1.98748603521215 35127.56057519
0.0100793940960762 10.9860905432344 6.38081212409566 8.26527393620718 2.43747994294298 0.37996477840954 0.519635919656339 38595.3505422791
0.00793476809283286 9.99909916127013 9.44894461192921 7.72325487561682 1.99138046487037 1.93240327071822 2.03960822386131 31207.3280379343
0.0115203441032044 10.8200836655265 6.67993439543287 6.54616612410735 2.45830167997643 0.978867617123065 0.142694846176599 39533.6188010682
