0.00957336694742266 9.97749408919289 7.5307510035099 7.876694721893 2.66555095305222 0.988499304405518 1.31318106519696 11496.8774145545
0.0159927685110036 10.1853369594583 8.11714058919699 7.99050556727533 2.32162960794075 1.38171367202573 0.415037785841754 12937.1560873334
0.0131955060147841 9.64769127114176 7.29162487384783 7.80612548731372 2.88293461243793 1.47455932845666 1.0703376454229 13636.3701738889
0.0138736809887941 10.0522559322987 7.80349006585083 8.56768935316265 2.58244997378053 1.36930101244354 1.32324683542309 13887.8754244189
0.00867973385098259 10.1136520260693 7.69932562063464 8.00637851325322 2.79006938080321 1.54735192439578 0.733108272267632 10528.8572951823
0.00987261787449949 9.66649299828854 8.74744029865477 7.72837430880703 2.92315897044242 1.29240207478982 1.19480954369724 12078.8725707863
0.00929827027221221 10.7284537670719 8.34803100212638 7.8479301755267 2.9604418679312 0.880076551010909 1.03196608439426 13801.5466788265
0.011010327649529 10.2029041350593 7.38812817697878 7.43522499688876 2.4703468605234 1.08939490712651 1.16506955614516 13690.7416266212
0.00768168642317765 10.3286768910064 7.93748435766101 8.00005911258967 2.61968635152067 1.32347444199268 1.34723664343559 8293.24714177278
0.010344850904966 10.5121232024139 8.32324789635006 7.33301953905514 2.71584742415173 1.26167163699875 1.65918241604297 13428.3841571227
0.00674803535164886 10.0516748836299 8.02420716139376 7.55092507589989 2.85762716741744 1.36896112895607 0.995171557108995 6317.08176069896
0.0134602965865048 10.2642659520559 8.27907831441503 7.50593152677177 2.77190209039815 1.40163970101619 0.317368852428696 11606.0007647447
0.00952137956746747 10.549863978009 8.13019836404 7.49810437208688 2.68349956212191 1.08841192788284 0.702493937030001 11612.786694935
0.00876858490301579 10.0835188182817 8.11668358970055 7.61279733676146 3.02414695359705 1.69465122914513 0.733215911431859 11461.3665507269
0.00754779522136935 10.1185228806538 8.11384297898095 7.3727019693896 2.89097551082099 1.01794244840026 1.23790852501191 9411.753570901
0.00920675480757892 10.0157834210726 8.48873050835778 7.34885411095632 2.62252274510994 0.952701336468817 0.901220679450822 12744.7245272402
0.0132618664493414 10.0121557925301 7.42952563817852 8.4176447403834 2.67594052622992 1.29016121248501 1.28933559737761 13750.4434568572
0.00801427925358267 10.4134086939378 8.16413933436777 7.64226902071878 2.43488378763193 1.20536661246907 1.11595727276217 8237.37391356982
0.00979338586306834 9.77752899260952 8.15609576744355 7.64572998792732 2.46071261523889 1.67171401141566 0.840356770120013 12649.6464565498
0.0119819115400956 10.1829220813983 8.24965815540425 8.01216706567651 3.4723127051038 1.37687902706721 1.04513867087574 12224.4953694508
0.00926873074845773 10.049477923881 8.36420219431529 7.6625643302751 2.83448118510925 0.876581869723233 0.68059318528587 11285.0889309193
0.00900534890879878 9.75229642270976 8.15709867180503 7.57298653334295 2.62552187576413 1.48976458859671 0.787411064282559 10589.0798879715
0.00806572815702422 10.1784060428276 7.82668863798727 7.59381201610533 2.78910340315579 1.83689075182004 0.904771099462739 10218.9836134702
0.00934553556836934 10.293845640593 8.83383779821647 8.23198119409903 2.71467960900629 1.3391803311475 1.18773026977911 10790.9019734379
0.0108438131648861 10.214521794821 8.25765251757631 8.31891927564058 2.39035467200492 1.16660050083422 1.17761576568451 11769.7380038684
0.00915458252642032 10.2997276106203 7.95337711677834 8.31193323217083 2.709143844772 1.62542221330926 1.17437251101347 10623.8977103656
0.0118580849200874 10.0841158949102 8.20113196178042 7.27217307067392 2.90135619392057 1.36081205879976 1.72141308042694 12710.6142734093
0.0121728344211969 10.1714125605666 7.80793166627773 7.89408654676639 2.78832678463883 1.35246924186796 0.380440131620847 9963.63403275828
0.0106808532722526 10.577461133035 8.1898270300962 7.8126438126498 2.92040895267395 1.48577734181138 1.71735225997562 13092.2539558609
0.0106152982449335 10.2737768436149 7.93052421457148 8.48656963668925 2.8749545635217 1.4953937482211 1.10520174734151 11898.2287770289
0.0114165532014464 10.1671887087224 8.07978758981385 7.79435371421917 2.92473142953714 1.46480236106241 1.78500829439849 9676.75324401818
0.00938088666683506 10.5192622675827 8.13837519923081 7.62667919224045 3.11028233120702 1.43683179497739 1.54980106224936 13783.8940970891
0.0106456830702428 10.0343832488594 7.72410809712939 7.96273860009718 3.31186222188385 1.18109356540424 0.987731549166557 13803.1717749274
0.00784861083555462 9.95890657478185 8.54224817861819 7.78662714175518 2.95615483325916 1.13306218006452 0.905907024607333 9861.08457924853
0.00918528013926188 10.3822441206186 8.25765958910429 7.97531051679455 2.8786132692093 1.79356558805418 1.49908333023591 13375.5758698736
0.0117471228315221 11.022309079888 7.91821751616415 7.50829017742348 2.72827670955391 1.41586229978034 1.11732431108059 12871.6215418826
0.00896578006574698 10.0200696786913 7.81301439092765 8.20519429537708 2.87772646523061 1.0375159076391 0.906806121234274 12355.1266584395
0.010773426556307 10.0457631928414 8.24658719069062 8.30541451498856 3.13050940809501 1.2870089780325 0.800994926024817 13203.470345028
0.00802640467516991 10.4300676875422 8.58623228357681 7.86612091045998 2.70658858335074 0.914569190322976 1.0620236350932 9820.62825885098
0.0107700931196077 9.76371513388588 8.13622660000877 8.26463443556818 2.49549379605433 1.02517229505654 0.998237856273899 13593.1041650961
0.00924868702143819 9.79158398404615 7.7312954141784 8.0102293709065 2.65984032062244 1.37038944878396 1.3119063102378 11040.7328656812
0.0144188578627984 10.0235022032227 7.81044103326419 7.69821150937031 2.09225453089554 1.40697563274203 0.900804600230797 13655.2210165138
0.00774283978519159 10.607520212774 7.95577966043091 7.74202393897985 2.69834874160567 1.39889301567455 0.910272555368008 8218.7929471216
0.00962562106227923 10.6611945821411 7.68000159834308 7.84985546494646 2.80976146471487 1.176496152541 1.4609958928567 13295.0820618942
0.00828100901620791 10.6296713699349 8.12678406558321 7.94855161960989 2.65691437894109 1.54762169746849 0.964315520048122 9704.71772546666
0.00808761488565977 10.4595212597516 7.92612024055833 7.59944010736771 2.99546694874335 1.40876111750831 1.45227117532426 12528.4805981278
0.00916779756848658 10.0953679973426 7.68766631837695 7.77382661463935 3.11411007027545 1.4940814448103 1.36874844258452 11533.2370566222
0.00819423126378132 10.1847137823737 7.79732487426492 7.94535484248259 2.82200396812901 1.66775336591666 1.37104904171602 10125.0232845313
0.00971932214084468 9.89634791486921 8.42420397655712 7.54702214161517 2.88057571678309 1.99194580969567 1.15601047865385 13846.9635581414
0.00907164519730776 10.1969270195803 8.12564665183233 7.44089082627267 2.66348751938021 2.01459795665827 1.21088583954252 10794.694358717
0.0094449417908171 10.0172611614033 7.332583694619 7.89344053838349 2.73026643772355 1.52316444788575 0.944213810372812 10256.0875520269
0.00688207276970946 10.3119812795512 7.9710945920867 7.89773807099318 2.69618213468544 1.47685525633782 1.26035441148373 6699.86159315151
0.0153977168941824 10.1990066085324 8.33974166466981 7.32354131111121 2.69435523969045 1.08196066964389 0.355466577372749 13692.7393160213
0.00833876450040798 9.90011443938649 7.92936986951354 7.63343965576243 2.9031772317025 1.15519245849589 1.40454577698654 10751.861574738
0.00872815994495982 9.6700223078547 8.44361559588158 7.8045849702508 2.69163912020748 1.06889978661467 1.02566266044857 9530.98396687932
0.00902385172494336 10.3916821014719 7.47610472201367 7.89342694231432 2.65446278869187 1.70472355442873 1.00563910363539 12141.9706620629
0.00872220681904097 10.1106647146801 8.75320494332111 7.63012804267815 3.12735323878302 1.38412996813328 1.10008283002888 10718.8638890801
0.0105627934624516 10.0272137490968 8.27653060716917 7.81362682925381 3.27031958674862 1.81542316952893 1.2534259260374 13738.3242339423
0.0144427357771301 10.13116695293 8.36260175628443 7.60303416847675 2.61990701806976 1.23671505659545 0.312032036002825 11096.3961345417
0.00713327467510978 10.2439828583878 7.75012115649703 7.65056862598684 2.64220901713598 1.53776606282178 1.1122959258386 7500.48660658575
0.00874425962478493 10.5826274537793 7.70122416194981 7.78758053078699 2.67626052034339 0.980037619269553 1.00468583082668 10855.1414741419
0.00858522647890204 10.6208787774569 8.29684116083565 7.92761980008625 2.56242564128567 1.48072527327924 1.310153610395 11631.4431620487
0.00933057843548197 10.1552993829035 7.84789053567464 7.29457644612384 3.14341517236657 1.13605169531229 1.08397915141001 12293.2617079588
0.00931414540761499 9.98542378367362 8.94738107320088 7.80674700798979 2.78054981128036 0.922635609398258 1.18818027589087 11402.7610168771
0.0158637403249483 10.290666730575 8.08284510814993 7.97678661037546 2.56313345907054 1.06831850864737 0.32426460478825 13349.4383346945
0.00872824054223681 10.4427031306092 7.6051251292861 7.68235020724808 2.5127823469225 1.22739997034697 0.977296318112536 11060.067177912
0.00773402337017673 9.9263657857292 8.52500069518112 7.49431308158593 2.73785230595235 1.07176320781809 1.20036361906874 9909.28446666391
0.00897167333245 9.92885108068301 8.47894718676469 8.10140094220788 3.05307980850816 1.37283896420738 1.28853875879437 12744.3987738284
0.00998467769656579 10.113744301033 8.97456937587011 7.53084636246817 2.57177231863888 1.11320159819548 0.972374714624535 12066.251459121
0.00956749324208265 10.4405620893004 8.09688733772063 8.29337643031574 2.57092633968656 1.30071359289244 0.968834092903907 10303.3448719153
0.00950145950877723 10.2387405668616 8.55146966973156 7.54941719324963 2.66656216730068 0.677119541866262 0.944288805471781 12366.1322184028
0.0131090345450612 9.61559324536968 7.29902945027364 7.83050487234876 2.74083720285346 1.29381178603487 0.926501004077485 12483.7821915059
0.0081067686342645 10.3018569083099 7.82989313519828 7.44153713366888 2.96737061145851 1.24702661905936 0.817162152628238 11743.7100539689
0.00746940225449925 10.0782965885573 7.78404814374461 7.47028894645316 2.8935904025714 1.16587247021391 1.12797501264044 9022.97392805302
0.010061755741303 10.0991676146281 8.93690167815177 7.85091667234698 2.54043902470381 1.75443092418057 1.1398700705363 12222.3879007382
0.0079370851249421 10.6145924131359 8.46714578575856 7.54277538872949 2.94016053007751 1.44613400309477 1.30408389331359 13595.8111609961
0.0114569926858651 9.67242274569422 8.17157223836652 7.32972893213863 2.56499864363712 1.26347647590162 0.764070895978478 13409.4954094708
0.0100710016144803 9.73854925351617 7.73109260013624 7.56519187721902 2.65468151560704 1.13173276549219 1.36047383391498 12838.5097674216
0.00884922124798724 10.4153472464897 7.74325317883501 7.81283673806666 3.02303745637293 1.47701094665253 0.724341400532736 12878.8756778956
0.00901465787545973 9.87903967480985 8.55133082788962 7.3941574473356 3.01697158706216 1.51880767518015 1.12896169063052 13715.8048047593
0.00948339171922102 10.7425191978332 8.75667294840418 7.58918365099023 2.89880929352614 1.30691756760708 1.1935941845562 13843.4913692167
0.0112845351155267 10.3294417577566 8.63892879175437 7.71570516445471 2.47189775011664 1.23274833654993 0.632980737644549 12577.0721051588
0.00762611053876271 10.1460262096496 7.98346581694141 7.48354507011553 2.96714589426929 1.71361975092497 1.12153631409353 9802.84881883137
0.00981638411563925 10.1797567399049 8.02093024701082 7.58096938977555 2.63095170504484 1.65969189833763 0.563157282275016 10838.1642829392
0.0121200648389048 10.2110501360933 7.97812554925476 7.469591658123 2.49485596866046 1.54580334254874 0.49252360051903 13592.2296199066
0.00899365055695158 10.1384229850875 8.6289454532869 7.70212816536783 2.96930468868618 1.0101117862892 0.75106924388167 11690.2098521082
0.0112968608749168 10.2026302480133 7.52799669636309 8.25147633523386 2.62226536572015 0.876982879971743 1.06248818303809 13433.1226078991
0.00826799751445872 10.1326678696258 7.94675755978677 7.87610428321229 2.82565967902981 0.856544364155841 0.806975516208254 9261.58511813637
0.00970921562266454 10.3066558673083 7.97283387408529 8.33745852556171 2.63758722750433 1.66112469136463 1.00345468618517 11869.7672488128
0.00958765595653628 9.69595593512349 8.04588064528247 7.52789550447336 2.60611654872954 1.64228929838131 1.26565915417079 12544.1406762024
0.00864306779064 10.0400578983851 8.07836319294286 8.25259683587736 2.98809894846613 1.13934147376264 1.19952528055446 10772.5822983359
0.00965136063985745 10.0033388976642 7.55383270002965 7.83505681269582 2.67594756153537 1.15408346052598 0.697797031559846 10601.7014550445
0.00819542565130498 10.1358241162455 7.71481341117606 8.07229730245695 2.93514171821539 1.55233239739888 0.934536034421699 10885.4444377861
0.0100775962309304 10.1341682341863 7.69588924687442 8.0843120834296 2.83031918909629 1.38051118196563 0.595591939789631 11251.0593623145
0.00975184165231628 10.1499447268916 8.13142121605031 7.87700012921899 2.73255568530075 1.97850827801819 1.45976478314435 9220.71513948193
0.00903472405884722 9.96496819932251 7.74650954738196 7.76082815174253 2.75871528643413 1.80425483188929 1.33148744980385 10632.1022534706
0.00946993740099045 10.1150532820504 8.15368122745477 8.01833457191328 2.65210381181246 2.0370380704739 1.17674584655551 9782.47530121988
0.0218987666633017 9.98357229763968 8.08803198252613 7.7446190493132 1.90213299263063 1.36835657362559 0.985664445149117 13131.0202590364
0.00947303312474602 9.94899926711809 8.37896219193526 7.53117175753789 2.72476467326818 0.979553919176965 0.682284733524486 11450.1961914125
0.0133850480076852 10.2378468179966 8.05173589976234 7.70253741297527 2.80418570629112 0.343859935201798 0.77056572137651 13285.1723564381
